task,sigma_s,sigma_r,wb,wg,wr,error
a,1,0.05,0.0,1.0,0.0,13883810
a,1,0.05,0.0,0.9,0.1,14071419
a,1,0.05,0.0,0.8,0.2,13974803
a,1,0.05,0.0,0.7,0.3,13504591
a,1,0.05,0.0,0.6,0.4,12838184
a,1,0.05,0.0,0.5,0.5,12009652
a,1,0.05,0.0,0.4,0.6,11363556
a,1,0.05,0.0,0.3,0.7,10621674
a,1,0.05,0.0,0.2,0.8,9833504
a,1,0.05,0.0,0.1,0.9,9230690
a,1,0.05,0.0,0.0,1.0,8404582
a,1,0.05,0.1,0.9,0.0,13229703
a,1,0.05,0.1,0.8,0.1,13892511
a,1,0.05,0.1,0.7,0.2,14137378
a,1,0.05,0.1,0.6,0.3,14041918
a,1,0.05,0.1,0.5,0.4,13764881
a,1,0.05,0.1,0.4,0.5,13171168
a,1,0.05,0.1,0.3,0.6,12475933
a,1,0.05,0.1,0.2,0.7,11703353
a,1,0.05,0.1,0.1,0.8,10889550
a,1,0.05,0.1,0.0,0.9,10259089
a,1,0.05,0.2,0.8,0.0,12424529
a,1,0.05,0.2,0.7,0.1,12937366
a,1,0.05,0.2,0.6,0.2,13407644
a,1,0.05,0.2,0.5,0.3,13674835
a,1,0.05,0.2,0.4,0.4,13604283
a,1,0.05,0.2,0.3,0.5,13453308
a,1,0.05,0.2,0.2,0.6,13010878
a,1,0.05,0.2,0.1,0.7,12453102
a,1,0.05,0.2,0.0,0.8,11921394
a,1,0.05,0.3,0.7,0.0,11339718
a,1,0.05,0.3,0.6,0.1,11926351
a,1,0.05,0.3,0.5,0.2,12208995
a,1,0.05,0.3,0.4,0.3,12522907
a,1,0.05,0.3,0.3,0.4,12776179
a,1,0.05,0.3,0.2,0.5,12938822
a,1,0.05,0.3,0.1,0.6,12850048
a,1,0.05,0.3,0.0,0.7,12737994
a,1,0.05,0.4,0.6,0.0,10284081
a,1,0.05,0.4,0.5,0.1,10830613
a,1,0.05,0.4,0.4,0.2,11162269
a,1,0.05,0.4,0.3,0.3,11586121
a,1,0.05,0.4,0.2,0.4,11736550
a,1,0.05,0.4,0.1,0.5,12091292
a,1,0.05,0.4,0.0,0.6,12166157
a,1,0.05,0.5,0.5,0.0,8902584
a,1,0.05,0.5,0.4,0.1,9614451
a,1,0.05,0.5,0.3,0.2,10049804
a,1,0.05,0.5,0.2,0.3,10510617
a,1,0.05,0.5,0.1,0.4,10798349
a,1,0.05,0.5,0.0,0.5,11182561
a,1,0.05,0.6,0.4,0.0,7946677
a,1,0.05,0.6,0.3,0.1,8354694
a,1,0.05,0.6,0.2,0.2,8679420
a,1,0.05,0.6,0.1,0.3,9171973
a,1,0.05,0.6,0.0,0.4,9450022
a,1,0.05,0.7,0.3,0.0,6858893
a,1,0.05,0.7,0.2,0.1,7360600
a,1,0.05,0.7,0.1,0.2,7722392
a,1,0.05,0.7,0.0,0.3,8116058
a,1,0.05,0.8,0.2,0.0,5895691
a,1,0.05,0.8,0.1,0.1,6252932
a,1,0.05,0.8,0.0,0.2,6687975
a,1,0.05,0.9,0.1,0.0,4845825
a,1,0.05,0.9,0.0,0.1,5370726
a,1,0.05,1.0,0.0,0.0,3575013
a,1,0.1,0.0,1.0,0.0,13087885
a,1,0.1,0.0,0.9,0.1,13061267
a,1,0.1,0.0,0.8,0.2,13006155
a,1,0.1,0.0,0.7,0.3,12938527
a,1,0.1,0.0,0.6,0.4,12725181
a,1,0.1,0.0,0.5,0.5,12489511
a,1,0.1,0.0,0.4,0.6,12120615
a,1,0.1,0.0,0.3,0.7,11665025
a,1,0.1,0.0,0.2,0.8,11072943
a,1,0.1,0.0,0.1,0.9,10578799
a,1,0.1,0.0,0.0,1.0,9918342
a,1,0.1,0.1,0.9,0.0,13138099
a,1,0.1,0.1,0.8,0.1,13212568
a,1,0.1,0.1,0.7,0.2,13254332
a,1,0.1,0.1,0.6,0.3,13107021
a,1,0.1,0.1,0.5,0.4,13036831
a,1,0.1,0.1,0.4,0.5,12835666
a,1,0.1,0.1,0.3,0.6,12588634
a,1,0.1,0.1,0.2,0.7,12218544
a,1,0.1,0.1,0.1,0.8,11765426
a,1,0.1,0.1,0.0,0.9,11136288
a,1,0.1,0.2,0.8,0.0,12734811
a,1,0.1,0.2,0.7,0.1,12930989
a,1,0.1,0.2,0.6,0.2,13149540
a,1,0.1,0.2,0.5,0.3,13152698
a,1,0.1,0.2,0.4,0.4,13066263
a,1,0.1,0.2,0.3,0.5,12973000
a,1,0.1,0.2,0.2,0.6,12696581
a,1,0.1,0.2,0.1,0.7,12446422
a,1,0.1,0.2,0.0,0.8,12187638
a,1,0.1,0.3,0.7,0.0,12111422
a,1,0.1,0.3,0.6,0.1,12466279
a,1,0.1,0.3,0.5,0.2,12635055
a,1,0.1,0.3,0.4,0.3,12882940
a,1,0.1,0.3,0.3,0.4,12860764
a,1,0.1,0.3,0.2,0.5,12900803
a,1,0.1,0.3,0.1,0.6,12750024
a,1,0.1,0.3,0.0,0.7,12560244
a,1,0.1,0.4,0.6,0.0,11561619
a,1,0.1,0.4,0.5,0.1,11802426
a,1,0.1,0.4,0.4,0.2,11980477
a,1,0.1,0.4,0.3,0.3,12248430
a,1,0.1,0.4,0.2,0.4,12428623
a,1,0.1,0.4,0.1,0.5,12517736
a,1,0.1,0.4,0.0,0.6,12485729
a,1,0.1,0.5,0.5,0.0,10831265
a,1,0.1,0.5,0.4,0.1,11207050
a,1,0.1,0.5,0.3,0.2,11399058
a,1,0.1,0.5,0.2,0.3,11629188
a,1,0.1,0.5,0.1,0.4,11711017
a,1,0.1,0.5,0.0,0.5,11903491
a,1,0.1,0.6,0.4,0.0,9829877
a,1,0.1,0.6,0.3,0.1,10277044
a,1,0.1,0.6,0.2,0.2,10587524
a,1,0.1,0.6,0.1,0.3,10881273
a,1,0.1,0.6,0.0,0.4,10993517
a,1,0.1,0.7,0.3,0.0,9179956
a,1,0.1,0.7,0.2,0.1,9544265
a,1,0.1,0.7,0.1,0.2,9735960
a,1,0.1,0.7,0.0,0.3,10150712
a,1,0.1,0.8,0.2,0.0,7940271
a,1,0.1,0.8,0.1,0.1,8541364
a,1,0.1,0.8,0.0,0.2,8913402
a,1,0.1,0.9,0.1,0.0,6206211
a,1,0.1,0.9,0.0,0.1,7125465
a,1,0.1,1.0,0.0,0.0,4405849
a,1,0.2,0.0,1.0,0.0,11686557
a,1,0.2,0.0,0.9,0.1,11775604
a,1,0.2,0.0,0.8,0.2,11687411
a,1,0.2,0.0,0.7,0.3,11718618
a,1,0.2,0.0,0.6,0.4,11522560
a,1,0.2,0.0,0.5,0.5,11413171
a,1,0.2,0.0,0.4,0.6,11211894
a,1,0.2,0.0,0.3,0.7,10940793
a,1,0.2,0.0,0.2,0.8,10466799
a,1,0.2,0.0,0.1,0.9,10122569
a,1,0.2,0.0,0.0,1.0,9565725
a,1,0.2,0.1,0.9,0.0,11721306
a,1,0.2,0.1,0.8,0.1,11694642
a,1,0.2,0.1,0.7,0.2,11685568
a,1,0.2,0.1,0.6,0.3,11769892
a,1,0.2,0.1,0.5,0.4,11731998
a,1,0.2,0.1,0.4,0.5,11669044
a,1,0.2,0.1,0.3,0.6,11487451
a,1,0.2,0.1,0.2,0.7,11198189
a,1,0.2,0.1,0.1,0.8,10923132
a,1,0.2,0.1,0.0,0.9,10512734
a,1,0.2,0.2,0.8,0.0,11446202
a,1,0.2,0.2,0.7,0.1,11448786
a,1,0.2,0.2,0.6,0.2,11629364
a,1,0.2,0.2,0.5,0.3,11692067
a,1,0.2,0.2,0.4,0.4,11581972
a,1,0.2,0.2,0.3,0.5,11733364
a,1,0.2,0.2,0.2,0.6,11485509
a,1,0.2,0.2,0.1,0.7,11344531
a,1,0.2,0.2,0.0,0.8,11170295
a,1,0.2,0.3,0.7,0.0,11208534
a,1,0.2,0.3,0.6,0.1,11319730
a,1,0.2,0.3,0.5,0.2,11339202
a,1,0.2,0.3,0.4,0.3,11584853
a,1,0.2,0.3,0.3,0.4,11474870
a,1,0.2,0.3,0.2,0.5,11564585
a,1,0.2,0.3,0.1,0.6,11554907
a,1,0.2,0.3,0.0,0.7,11353315
a,1,0.2,0.4,0.6,0.0,10842630
a,1,0.2,0.4,0.5,0.1,10983653
a,1,0.2,0.4,0.4,0.2,11107161
a,1,0.2,0.4,0.3,0.3,11239665
a,1,0.2,0.4,0.2,0.4,11367871
a,1,0.2,0.4,0.1,0.5,11421155
a,1,0.2,0.4,0.0,0.6,11380983
a,1,0.2,0.5,0.5,0.0,10416319
a,1,0.2,0.5,0.4,0.1,10632691
a,1,0.2,0.5,0.3,0.2,10832875
a,1,0.2,0.5,0.2,0.3,10949437
a,1,0.2,0.5,0.1,0.4,11073760
a,1,0.2,0.5,0.0,0.5,11121055
a,1,0.2,0.6,0.4,0.0,9713096
a,1,0.2,0.6,0.3,0.1,10160927
a,1,0.2,0.6,0.2,0.2,10301512
a,1,0.2,0.6,0.1,0.3,10526484
a,1,0.2,0.6,0.0,0.4,10672189
a,1,0.2,0.7,0.3,0.0,8976628
a,1,0.2,0.7,0.2,0.1,9346781
a,1,0.2,0.7,0.1,0.2,9669016
a,1,0.2,0.7,0.0,0.3,9835094
a,1,0.2,0.8,0.2,0.0,8224958
a,1,0.2,0.8,0.1,0.1,8503795
a,1,0.2,0.8,0.0,0.2,8784601
a,1,0.2,0.9,0.1,0.0,7143622
a,1,0.2,0.9,0.0,0.1,7634979
a,1,0.2,1.0,0.0,0.0,5135949
a,2,0.05,0.0,1.0,0.0,24321874
a,2,0.05,0.0,0.9,0.1,24799247
a,2,0.05,0.0,0.8,0.2,24557708
a,2,0.05,0.0,0.7,0.3,23831935
a,2,0.05,0.0,0.6,0.4,22589146
a,2,0.05,0.0,0.5,0.5,20944465
a,2,0.05,0.0,0.4,0.6,19380797
a,2,0.05,0.0,0.3,0.7,18030060
a,2,0.05,0.0,0.2,0.8,16705838
a,2,0.05,0.0,0.1,0.9,15436879
a,2,0.05,0.0,0.0,1.0,13982008
a,2,0.05,0.1,0.9,0.0,23377573
a,2,0.05,0.1,0.8,0.1,24426027
a,2,0.05,0.1,0.7,0.2,24832539
a,2,0.05,0.1,0.6,0.3,24658972
a,2,0.05,0.1,0.5,0.4,23993975
a,2,0.05,0.1,0.4,0.5,22871979
a,2,0.05,0.1,0.3,0.6,21407061
a,2,0.05,0.1,0.2,0.7,19886835
a,2,0.05,0.1,0.1,0.8,18559048
a,2,0.05,0.1,0.0,0.9,17399313
a,2,0.05,0.2,0.8,0.0,21472345
a,2,0.05,0.2,0.7,0.1,22661495
a,2,0.05,0.2,0.6,0.2,23436478
a,2,0.05,0.2,0.5,0.3,23908887
a,2,0.05,0.2,0.4,0.4,23813040
a,2,0.05,0.2,0.3,0.5,23141615
a,2,0.05,0.2,0.2,0.6,22515361
a,2,0.05,0.2,0.1,0.7,21718871
a,2,0.05,0.2,0.0,0.8,20507223
a,2,0.05,0.3,0.7,0.0,19087838
a,2,0.05,0.3,0.6,0.1,20368635
a,2,0.05,0.3,0.5,0.2,21254041
a,2,0.05,0.3,0.4,0.3,21895119
a,2,0.05,0.3,0.3,0.4,22185398
a,2,0.05,0.3,0.2,0.5,22225661
a,2,0.05,0.3,0.1,0.6,22204594
a,2,0.05,0.3,0.0,0.7,22077689
a,2,0.05,0.4,0.6,0.0,16811676
a,2,0.05,0.4,0.5,0.1,18062214
a,2,0.05,0.4,0.4,0.2,18980695
a,2,0.05,0.4,0.3,0.3,19796356
a,2,0.05,0.4,0.2,0.4,19968184
a,2,0.05,0.4,0.1,0.5,20372262
a,2,0.05,0.4,0.0,0.6,20810832
a,2,0.05,0.5,0.5,0.0,14527086
a,2,0.05,0.5,0.4,0.1,15813927
a,2,0.05,0.5,0.3,0.2,16553318
a,2,0.05,0.5,0.2,0.3,17187745
a,2,0.05,0.5,0.1,0.4,17737177
a,2,0.05,0.5,0.0,0.5,18486987
a,2,0.05,0.6,0.4,0.0,12533950
a,2,0.05,0.6,0.3,0.1,13506817
a,2,0.05,0.6,0.2,0.2,14067322
a,2,0.05,0.6,0.1,0.3,15054515
a,2,0.05,0.6,0.0,0.4,15613664
a,2,0.05,0.7,0.3,0.0,10862443
a,2,0.05,0.7,0.2,0.1,11723057
a,2,0.05,0.7,0.1,0.2,12175426
a,2,0.05,0.7,0.0,0.3,12615189
a,2,0.05,0.8,0.2,0.0,9229486
a,2,0.05,0.8,0.1,0.1,9931426
a,2,0.05,0.8,0.0,0.2,10641941
a,2,0.05,0.9,0.1,0.0,7554646
a,2,0.05,0.9,0.0,0.1,8455782
a,2,0.05,1.0,0.0,0.0,5769523
a,2,0.1,0.0,1.0,0.0,23117103
a,2,0.1,0.0,0.9,0.1,23213006
a,2,0.1,0.0,0.8,0.2,23222818
a,2,0.1,0.0,0.7,0.3,23051639
a,2,0.1,0.0,0.6,0.4,22729001
a,2,0.1,0.0,0.5,0.5,22094479
a,2,0.1,0.0,0.4,0.6,21331826
a,2,0.1,0.0,0.3,0.7,20402094
a,2,0.1,0.0,0.2,0.8,19293762
a,2,0.1,0.0,0.1,0.9,18099761
a,2,0.1,0.0,0.0,1.0,16778544
a,2,0.1,0.1,0.9,0.0,22859872
a,2,0.1,0.1,0.8,0.1,23138970
a,2,0.1,0.1,0.7,0.2,23256319
a,2,0.1,0.1,0.6,0.3,23321678
a,2,0.1,0.1,0.5,0.4,23120971
a,2,0.1,0.1,0.4,0.5,22638470
a,2,0.1,0.1,0.3,0.6,22149061
a,2,0.1,0.1,0.2,0.7,21398915
a,2,0.1,0.1,0.1,0.8,20411926
a,2,0.1,0.1,0.0,0.9,19284307
a,2,0.1,0.2,0.8,0.0,22094869
a,2,0.1,0.2,0.7,0.1,22590411
a,2,0.1,0.2,0.6,0.2,22949430
a,2,0.1,0.2,0.5,0.3,23101660
a,2,0.1,0.2,0.4,0.4,22964099
a,2,0.1,0.2,0.3,0.5,22831282
a,2,0.1,0.2,0.2,0.6,22428774
a,2,0.1,0.2,0.1,0.7,21887130
a,2,0.1,0.2,0.0,0.8,21186223
a,2,0.1,0.3,0.7,0.0,20788312
a,2,0.1,0.3,0.6,0.1,21402171
a,2,0.1,0.3,0.5,0.2,21974494
a,2,0.1,0.3,0.4,0.3,22360658
a,2,0.1,0.3,0.3,0.4,22523022
a,2,0.1,0.3,0.2,0.5,22474962
a,2,0.1,0.3,0.1,0.6,22225025
a,2,0.1,0.3,0.0,0.7,21915864
a,2,0.1,0.4,0.6,0.0,19497420
a,2,0.1,0.4,0.5,0.1,20123781
a,2,0.1,0.4,0.4,0.2,20615709
a,2,0.1,0.4,0.3,0.3,21117730
a,2,0.1,0.4,0.2,0.4,21382296
a,2,0.1,0.4,0.1,0.5,21672635
a,2,0.1,0.4,0.0,0.6,21698856
a,2,0.1,0.5,0.5,0.0,17916670
a,2,0.1,0.5,0.4,0.1,18719972
a,2,0.1,0.5,0.3,0.2,19298131
a,2,0.1,0.5,0.2,0.3,19719872
a,2,0.1,0.5,0.1,0.4,20033157
a,2,0.1,0.5,0.0,0.5,20335225
a,2,0.1,0.6,0.4,0.0,16523278
a,2,0.1,0.6,0.3,0.1,17225751
a,2,0.1,0.6,0.2,0.2,17750701
a,2,0.1,0.6,0.1,0.3,18234578
a,2,0.1,0.6,0.0,0.4,18581380
a,2,0.1,0.7,0.3,0.0,14758333
a,2,0.1,0.7,0.2,0.1,15620809
a,2,0.1,0.7,0.1,0.2,16165644
a,2,0.1,0.7,0.0,0.3,16892279
a,2,0.1,0.8,0.2,0.0,12752025
a,2,0.1,0.8,0.1,0.1,13742591
a,2,0.1,0.8,0.0,0.2,14530725
a,2,0.1,0.9,0.1,0.0,10556995
a,2,0.1,0.9,0.0,0.1,11616765
a,2,0.1,1.0,0.0,0.0,7789663
a,2,0.2,0.0,1.0,0.0,20689153
a,2,0.2,0.0,0.9,0.1,20725154
a,2,0.2,0.0,0.8,0.2,20705184
a,2,0.2,0.0,0.7,0.3,20640576
a,2,0.2,0.0,0.6,0.4,20506142
a,2,0.2,0.0,0.5,0.5,20282491
a,2,0.2,0.0,0.4,0.6,20054655
a,2,0.2,0.0,0.3,0.7,19708355
a,2,0.2,0.0,0.2,0.8,19226474
a,2,0.2,0.0,0.1,0.9,18690657
a,2,0.2,0.0,0.0,1.0,17637945
a,2,0.2,0.1,0.9,0.0,20703196
a,2,0.2,0.1,0.8,0.1,20750289
a,2,0.2,0.1,0.7,0.2,20795405
a,2,0.2,0.1,0.6,0.3,20739509
a,2,0.2,0.1,0.5,0.4,20676337
a,2,0.2,0.1,0.4,0.5,20545937
a,2,0.2,0.1,0.3,0.6,20353447
a,2,0.2,0.1,0.2,0.7,20027014
a,2,0.2,0.1,0.1,0.8,19671298
a,2,0.2,0.1,0.0,0.9,19193982
a,2,0.2,0.2,0.8,0.0,20448570
a,2,0.2,0.2,0.7,0.1,20597301
a,2,0.2,0.2,0.6,0.2,20702763
a,2,0.2,0.2,0.5,0.3,20754668
a,2,0.2,0.2,0.4,0.4,20725485
a,2,0.2,0.2,0.3,0.5,20673378
a,2,0.2,0.2,0.2,0.6,20420680
a,2,0.2,0.2,0.1,0.7,20196747
a,2,0.2,0.2,0.0,0.8,19865732
a,2,0.2,0.3,0.7,0.0,20036494
a,2,0.2,0.3,0.6,0.1,20248682
a,2,0.2,0.3,0.5,0.2,20394284
a,2,0.2,0.3,0.4,0.3,20529662
a,2,0.2,0.3,0.3,0.4,20588272
a,2,0.2,0.3,0.2,0.5,20605347
a,2,0.2,0.3,0.1,0.6,20401905
a,2,0.2,0.3,0.0,0.7,20272022
a,2,0.2,0.4,0.6,0.0,19258239
a,2,0.2,0.4,0.5,0.1,19650374
a,2,0.2,0.4,0.4,0.2,19837679
a,2,0.2,0.4,0.3,0.3,20074815
a,2,0.2,0.4,0.2,0.4,20214235
a,2,0.2,0.4,0.1,0.5,20273398
a,2,0.2,0.4,0.0,0.6,20240852
a,2,0.2,0.5,0.5,0.0,18467252
a,2,0.2,0.5,0.4,0.1,18819201
a,2,0.2,0.5,0.3,0.2,19183870
a,2,0.2,0.5,0.2,0.3,19522737
a,2,0.2,0.5,0.1,0.4,19654850
a,2,0.2,0.5,0.0,0.5,19663156
a,2,0.2,0.6,0.4,0.0,17622451
a,2,0.2,0.6,0.3,0.1,18008017
a,2,0.2,0.6,0.2,0.2,18347543
a,2,0.2,0.6,0.1,0.3,18736610
a,2,0.2,0.6,0.0,0.4,18978216
a,2,0.2,0.7,0.3,0.0,16444713
a,2,0.2,0.7,0.2,0.1,16946248
a,2,0.2,0.7,0.1,0.2,17287604
a,2,0.2,0.7,0.0,0.3,17761230
a,2,0.2,0.8,0.2,0.0,14936755
a,2,0.2,0.8,0.1,0.1,15583381
a,2,0.2,0.8,0.0,0.2,16209851
a,2,0.2,0.9,0.1,0.0,12995998
a,2,0.2,0.9,0.0,0.1,13838897
a,2,0.2,1.0,0.0,0.0,10006825
a,3,0.05,0.0,1.0,0.0,32687415
a,3,0.05,0.0,0.9,0.1,33281413
a,3,0.05,0.0,0.8,0.2,33265688
a,3,0.05,0.0,0.7,0.3,32348257
a,3,0.05,0.0,0.6,0.4,30622328
a,3,0.05,0.0,0.5,0.5,28294304
a,3,0.05,0.0,0.4,0.6,26126715
a,3,0.05,0.0,0.3,0.7,24058244
a,3,0.05,0.0,0.2,0.8,22217246
a,3,0.05,0.0,0.1,0.9,20360624
a,3,0.05,0.0,0.0,1.0,18393831
a,3,0.05,0.1,0.9,0.0,31612582
a,3,0.05,0.1,0.8,0.1,32815568
a,3,0.05,0.1,0.7,0.2,33265690
a,3,0.05,0.1,0.6,0.3,33040860
a,3,0.05,0.1,0.5,0.4,32348720
a,3,0.05,0.1,0.4,0.5,30451691
a,3,0.05,0.1,0.3,0.6,28529840
a,3,0.05,0.1,0.2,0.7,26526086
a,3,0.05,0.1,0.1,0.8,24820738
a,3,0.05,0.1,0.0,0.9,23150833
a,3,0.05,0.2,0.8,0.0,28851494
a,3,0.05,0.2,0.7,0.1,30520375
a,3,0.05,0.2,0.6,0.2,31614054
a,3,0.05,0.2,0.5,0.3,32113488
a,3,0.05,0.2,0.4,0.4,31813836
a,3,0.05,0.2,0.3,0.5,30928201
a,3,0.05,0.2,0.2,0.6,30001637
a,3,0.05,0.2,0.1,0.7,28930461
a,3,0.05,0.2,0.0,0.8,27562260
a,3,0.05,0.3,0.7,0.0,25546103
a,3,0.05,0.3,0.6,0.1,27349544
a,3,0.05,0.3,0.5,0.2,28434225
a,3,0.05,0.3,0.4,0.3,29272081
a,3,0.05,0.3,0.3,0.4,29647361
a,3,0.05,0.3,0.2,0.5,29782112
a,3,0.05,0.3,0.1,0.6,29656556
a,3,0.05,0.3,0.0,0.7,29509996
a,3,0.05,0.4,0.6,0.0,22230954
a,3,0.05,0.4,0.5,0.1,23981869
a,3,0.05,0.4,0.4,0.2,25218352
a,3,0.05,0.4,0.3,0.3,26259514
a,3,0.05,0.4,0.2,0.4,26610093
a,3,0.05,0.4,0.1,0.5,27313512
a,3,0.05,0.4,0.0,0.6,27955193
a,3,0.05,0.5,0.5,0.0,18689120
a,3,0.05,0.5,0.4,0.1,20461489
a,3,0.05,0.5,0.3,0.2,21741993
a,3,0.05,0.5,0.2,0.3,22501979
a,3,0.05,0.5,0.1,0.4,23433712
a,3,0.05,0.5,0.0,0.5,24373696
a,3,0.05,0.6,0.4,0.0,16237623
a,3,0.05,0.6,0.3,0.1,17433955
a,3,0.05,0.6,0.2,0.2,18259860
a,3,0.05,0.6,0.1,0.3,19295362
a,3,0.05,0.6,0.0,0.4,19995234
a,3,0.05,0.7,0.3,0.0,14174296
a,3,0.05,0.7,0.2,0.1,15214177
a,3,0.05,0.7,0.1,0.2,15729031
a,3,0.05,0.7,0.0,0.3,16199704
a,3,0.05,0.8,0.2,0.0,12333752
a,3,0.05,0.8,0.1,0.1,13377328
a,3,0.05,0.8,0.0,0.2,13688230
a,3,0.05,0.9,0.1,0.0,10338605
a,3,0.05,0.9,0.0,0.1,11457539
a,3,0.05,1.0,0.0,0.0,8098557
a,3,0.1,0.0,1.0,0.0,31301110
a,3,0.1,0.0,0.9,0.1,31580401
a,3,0.1,0.0,0.8,0.2,31582806
a,3,0.1,0.0,0.7,0.3,31291408
a,3,0.1,0.0,0.6,0.4,30765009
a,3,0.1,0.0,0.5,0.5,30087144
a,3,0.1,0.0,0.4,0.6,28955491
a,3,0.1,0.0,0.3,0.7,27608380
a,3,0.1,0.0,0.2,0.8,25865578
a,3,0.1,0.0,0.1,0.9,24173663
a,3,0.1,0.0,0.0,1.0,22555887
a,3,0.1,0.1,0.9,0.0,30850311
a,3,0.1,0.1,0.8,0.1,31185760
a,3,0.1,0.1,0.7,0.2,31328827
a,3,0.1,0.1,0.6,0.3,31344137
a,3,0.1,0.1,0.5,0.4,31167716
a,3,0.1,0.1,0.4,0.5,30682649
a,3,0.1,0.1,0.3,0.6,29847616
a,3,0.1,0.1,0.2,0.7,28645015
a,3,0.1,0.1,0.1,0.8,27311309
a,3,0.1,0.1,0.0,0.9,25892770
a,3,0.1,0.2,0.8,0.0,29922958
a,3,0.1,0.2,0.7,0.1,30547084
a,3,0.1,0.2,0.6,0.2,30800846
a,3,0.1,0.2,0.5,0.3,31027310
a,3,0.1,0.2,0.4,0.4,30973876
a,3,0.1,0.2,0.3,0.5,30680657
a,3,0.1,0.2,0.2,0.6,30185134
a,3,0.1,0.2,0.1,0.7,29440569
a,3,0.1,0.2,0.0,0.8,28334469
a,3,0.1,0.3,0.7,0.0,28363573
a,3,0.1,0.3,0.6,0.1,29104332
a,3,0.1,0.3,0.5,0.2,29699832
a,3,0.1,0.3,0.4,0.3,30109819
a,3,0.1,0.3,0.3,0.4,30138633
a,3,0.1,0.3,0.2,0.5,30118195
a,3,0.1,0.3,0.1,0.6,29817512
a,3,0.1,0.3,0.0,0.7,29347305
a,3,0.1,0.4,0.6,0.0,26282753
a,3,0.1,0.4,0.5,0.1,27193407
a,3,0.1,0.4,0.4,0.2,27962581
a,3,0.1,0.4,0.3,0.3,28663470
a,3,0.1,0.4,0.2,0.4,28828734
a,3,0.1,0.4,0.1,0.5,29018076
a,3,0.1,0.4,0.0,0.6,28875373
a,3,0.1,0.5,0.5,0.0,23999200
a,3,0.1,0.5,0.4,0.1,24899330
a,3,0.1,0.5,0.3,0.2,25779247
a,3,0.1,0.5,0.2,0.3,26528018
a,3,0.1,0.5,0.1,0.4,26930801
a,3,0.1,0.5,0.0,0.5,27304808
a,3,0.1,0.6,0.4,0.0,21640006
a,3,0.1,0.6,0.3,0.1,22821395
a,3,0.1,0.6,0.2,0.2,23770314
a,3,0.1,0.6,0.1,0.3,24371401
a,3,0.1,0.6,0.0,0.4,24834528
a,3,0.1,0.7,0.3,0.0,19494980
a,3,0.1,0.7,0.2,0.1,20569941
a,3,0.1,0.7,0.1,0.2,21389333
a,3,0.1,0.7,0.0,0.3,22179237
a,3,0.1,0.8,0.2,0.0,17039306
a,3,0.1,0.8,0.1,0.1,18182952
a,3,0.1,0.8,0.0,0.2,19064572
a,3,0.1,0.9,0.1,0.0,14262865
a,3,0.1,0.9,0.0,0.1,15595924
a,3,0.1,1.0,0.0,0.0,10769595
a,3,0.2,0.0,1.0,0.0,28408957
a,3,0.2,0.0,0.9,0.1,28491016
a,3,0.2,0.0,0.8,0.2,28483632
a,3,0.2,0.0,0.7,0.3,28392572
a,3,0.2,0.0,0.6,0.4,28215534
a,3,0.2,0.0,0.5,0.5,28058734
a,3,0.2,0.0,0.4,0.6,27731228
a,3,0.2,0.0,0.3,0.7,27316228
a,3,0.2,0.0,0.2,0.8,26706433
a,3,0.2,0.0,0.1,0.9,25908725
a,3,0.2,0.0,0.0,1.0,24491776
a,3,0.2,0.1,0.9,0.0,28189732
a,3,0.2,0.1,0.8,0.1,28322686
a,3,0.2,0.1,0.7,0.2,28374334
a,3,0.2,0.1,0.6,0.3,28294727
a,3,0.2,0.1,0.5,0.4,28231088
a,3,0.2,0.1,0.4,0.5,28074485
a,3,0.2,0.1,0.3,0.6,27882131
a,3,0.2,0.1,0.2,0.7,27506747
a,3,0.2,0.1,0.1,0.8,27028158
a,3,0.2,0.1,0.0,0.9,26339932
a,3,0.2,0.2,0.8,0.0,27794110
a,3,0.2,0.2,0.7,0.1,28104433
a,3,0.2,0.2,0.6,0.2,28195746
a,3,0.2,0.2,0.5,0.3,28283756
a,3,0.2,0.2,0.4,0.4,28340113
a,3,0.2,0.2,0.3,0.5,28187478
a,3,0.2,0.2,0.2,0.6,27973047
a,3,0.2,0.2,0.1,0.7,27674966
a,3,0.2,0.2,0.0,0.8,27342591
a,3,0.2,0.3,0.7,0.0,27184234
a,3,0.2,0.3,0.6,0.1,27499633
a,3,0.2,0.3,0.5,0.2,27748598
a,3,0.2,0.3,0.4,0.3,27957011
a,3,0.2,0.3,0.3,0.4,27993071
a,3,0.2,0.3,0.2,0.5,28023245
a,3,0.2,0.3,0.1,0.6,27939574
a,3,0.2,0.3,0.0,0.7,27720474
a,3,0.2,0.4,0.6,0.0,26271179
a,3,0.2,0.4,0.5,0.1,26738903
a,3,0.2,0.4,0.4,0.2,27056622
a,3,0.2,0.4,0.3,0.3,27386480
a,3,0.2,0.4,0.2,0.4,27475537
a,3,0.2,0.4,0.1,0.5,27662844
a,3,0.2,0.4,0.0,0.6,27588561
a,3,0.2,0.5,0.5,0.0,25201186
a,3,0.2,0.5,0.4,0.1,25591260
a,3,0.2,0.5,0.3,0.2,26073219
a,3,0.2,0.5,0.2,0.3,26383924
a,3,0.2,0.5,0.1,0.4,26679952
a,3,0.2,0.5,0.0,0.5,26854283
a,3,0.2,0.6,0.4,0.0,23770693
a,3,0.2,0.6,0.3,0.1,24524115
a,3,0.2,0.6,0.2,0.2,25052017
a,3,0.2,0.6,0.1,0.3,25323540
a,3,0.2,0.6,0.0,0.4,25715264
a,3,0.2,0.7,0.3,0.0,22384474
a,3,0.2,0.7,0.2,0.1,23088957
a,3,0.2,0.7,0.1,0.2,23562900
a,3,0.2,0.7,0.0,0.3,24145425
a,3,0.2,0.8,0.2,0.0,20635938
a,3,0.2,0.8,0.1,0.1,21520476
a,3,0.2,0.8,0.0,0.2,22016305
a,3,0.2,0.9,0.1,0.0,18320283
a,3,0.2,0.9,0.0,0.1,19394215
a,3,0.2,1.0,0.0,0.0,14289656
b,1,0.05,0.0,1.0,0.0,36002355
b,1,0.05,0.0,0.9,0.1,36019976
b,1,0.05,0.0,0.8,0.2,35981548
b,1,0.05,0.0,0.7,0.3,35915177
b,1,0.05,0.0,0.6,0.4,35829698
b,1,0.05,0.0,0.5,0.5,35705925
b,1,0.05,0.0,0.4,0.6,35453866
b,1,0.05,0.0,0.3,0.7,35302770
b,1,0.05,0.0,0.2,0.8,35042296
b,1,0.05,0.0,0.1,0.9,34830308
b,1,0.05,0.0,0.0,1.0,34604833
b,1,0.05,0.1,0.9,0.0,35750528
b,1,0.05,0.1,0.8,0.1,35714915
b,1,0.05,0.1,0.7,0.2,35602773
b,1,0.05,0.1,0.6,0.3,35489262
b,1,0.05,0.1,0.5,0.4,35364965
b,1,0.05,0.1,0.4,0.5,35264518
b,1,0.05,0.1,0.3,0.6,35092551
b,1,0.05,0.1,0.2,0.7,34868537
b,1,0.05,0.1,0.1,0.8,34677683
b,1,0.05,0.1,0.0,0.9,34382200
b,1,0.05,0.2,0.8,0.0,35394158
b,1,0.05,0.2,0.7,0.1,35338081
b,1,0.05,0.2,0.6,0.2,35159665
b,1,0.05,0.2,0.5,0.3,35086760
b,1,0.05,0.2,0.4,0.4,34983821
b,1,0.05,0.2,0.3,0.5,34844756
b,1,0.05,0.2,0.2,0.6,34684544
b,1,0.05,0.2,0.1,0.7,34485637
b,1,0.05,0.2,0.0,0.8,34229549
b,1,0.05,0.3,0.7,0.0,35003382
b,1,0.05,0.3,0.6,0.1,34905642
b,1,0.05,0.3,0.5,0.2,34757399
b,1,0.05,0.3,0.4,0.3,34658918
b,1,0.05,0.3,0.3,0.4,34592007
b,1,0.05,0.3,0.2,0.5,34427992
b,1,0.05,0.3,0.1,0.6,34297785
b,1,0.05,0.3,0.0,0.7,34030849
b,1,0.05,0.4,0.6,0.0,34591859
b,1,0.05,0.4,0.5,0.1,34469427
b,1,0.05,0.4,0.4,0.2,34387379
b,1,0.05,0.4,0.3,0.3,34317009
b,1,0.05,0.4,0.2,0.4,34147072
b,1,0.05,0.4,0.1,0.5,34031240
b,1,0.05,0.4,0.0,0.6,33844232
b,1,0.05,0.5,0.5,0.0,34221338
b,1,0.05,0.5,0.4,0.1,34087516
b,1,0.05,0.5,0.3,0.2,34002458
b,1,0.05,0.5,0.2,0.3,33927505
b,1,0.05,0.5,0.1,0.4,33792721
b,1,0.05,0.5,0.0,0.5,33648875
b,1,0.05,0.6,0.4,0.0,33841852
b,1,0.05,0.6,0.3,0.1,33766277
b,1,0.05,0.6,0.2,0.2,33695013
b,1,0.05,0.6,0.1,0.3,33561624
b,1,0.05,0.6,0.0,0.4,33442289
b,1,0.05,0.7,0.3,0.0,33495837
b,1,0.05,0.7,0.2,0.1,33421948
b,1,0.05,0.7,0.1,0.2,33370070
b,1,0.05,0.7,0.0,0.3,33214636
b,1,0.05,0.8,0.2,0.0,33200507
b,1,0.05,0.8,0.1,0.1,33148172
b,1,0.05,0.8,0.0,0.2,33012130
b,1,0.05,0.9,0.1,0.0,32925080
b,1,0.05,0.9,0.0,0.1,32790775
b,1,0.05,1.0,0.0,0.0,32652312
b,1,0.1,0.0,1.0,0.0,35623217
b,1,0.1,0.0,0.9,0.1,35625558
b,1,0.1,0.0,0.8,0.2,35607824
b,1,0.1,0.0,0.7,0.3,35557040
b,1,0.1,0.0,0.6,0.4,35479438
b,1,0.1,0.0,0.5,0.5,35343912
b,1,0.1,0.0,0.4,0.6,35177485
b,1,0.1,0.0,0.3,0.7,34952180
b,1,0.1,0.0,0.2,0.8,34688966
b,1,0.1,0.0,0.1,0.9,34394087
b,1,0.1,0.0,0.0,1.0,34064045
b,1,0.1,0.1,0.9,0.0,35364034
b,1,0.1,0.1,0.8,0.1,35367131
b,1,0.1,0.1,0.7,0.2,35287860
b,1,0.1,0.1,0.6,0.3,35254262
b,1,0.1,0.1,0.5,0.4,35106822
b,1,0.1,0.1,0.4,0.5,34972258
b,1,0.1,0.1,0.3,0.6,34798537
b,1,0.1,0.1,0.2,0.7,34539254
b,1,0.1,0.1,0.1,0.8,34276242
b,1,0.1,0.1,0.0,0.9,33915330
b,1,0.1,0.2,0.8,0.0,35070659
b,1,0.1,0.2,0.7,0.1,35022227
b,1,0.1,0.2,0.6,0.2,34959602
b,1,0.1,0.2,0.5,0.3,34870734
b,1,0.1,0.2,0.4,0.4,34745311
b,1,0.1,0.2,0.3,0.5,34570658
b,1,0.1,0.2,0.2,0.6,34381690
b,1,0.1,0.2,0.1,0.7,34133128
b,1,0.1,0.2,0.0,0.8,33778628
b,1,0.1,0.3,0.7,0.0,34719807
b,1,0.1,0.3,0.6,0.1,34669644
b,1,0.1,0.3,0.5,0.2,34607210
b,1,0.1,0.3,0.4,0.3,34474763
b,1,0.1,0.3,0.3,0.4,34357196
b,1,0.1,0.3,0.2,0.5,34169667
b,1,0.1,0.3,0.1,0.6,33925211
b,1,0.1,0.3,0.0,0.7,33647888
b,1,0.1,0.4,0.6,0.0,34393397
b,1,0.1,0.4,0.5,0.1,34300365
b,1,0.1,0.4,0.4,0.2,34244385
b,1,0.1,0.4,0.3,0.3,34099073
b,1,0.1,0.4,0.2,0.4,33967410
b,1,0.1,0.4,0.1,0.5,33757673
b,1,0.1,0.4,0.0,0.6,33500847
b,1,0.1,0.5,0.5,0.0,34022849
b,1,0.1,0.5,0.4,0.1,33948805
b,1,0.1,0.5,0.3,0.2,33870625
b,1,0.1,0.5,0.2,0.3,33717032
b,1,0.1,0.5,0.1,0.4,33549502
b,1,0.1,0.5,0.0,0.5,33326752
b,1,0.1,0.6,0.4,0.0,33692465
b,1,0.1,0.6,0.3,0.1,33620517
b,1,0.1,0.6,0.2,0.2,33512803
b,1,0.1,0.6,0.1,0.3,33368178
b,1,0.1,0.6,0.0,0.4,33137357
b,1,0.1,0.7,0.3,0.0,33340952
b,1,0.1,0.7,0.2,0.1,33282049
b,1,0.1,0.7,0.1,0.2,33167085
b,1,0.1,0.7,0.0,0.3,32983300
b,1,0.1,0.8,0.2,0.0,33057604
b,1,0.1,0.8,0.1,0.1,32953334
b,1,0.1,0.8,0.0,0.2,32804798
b,1,0.1,0.9,0.1,0.0,32766404
b,1,0.1,0.9,0.0,0.1,32623713
b,1,0.1,1.0,0.0,0.0,32486749
b,1,0.2,0.0,1.0,0.0,30529629
b,1,0.2,0.0,0.9,0.1,30574253
b,1,0.2,0.0,0.8,0.2,30567632
b,1,0.2,0.0,0.7,0.3,30525780
b,1,0.2,0.0,0.6,0.4,30503078
b,1,0.2,0.0,0.5,0.5,30423744
b,1,0.2,0.0,0.4,0.6,30308564
b,1,0.2,0.0,0.3,0.7,30138565
b,1,0.2,0.0,0.2,0.8,29932081
b,1,0.2,0.0,0.1,0.9,29647968
b,1,0.2,0.0,0.0,1.0,29296133
b,1,0.2,0.1,0.9,0.0,30397167
b,1,0.2,0.1,0.8,0.1,30433300
b,1,0.2,0.1,0.7,0.2,30427939
b,1,0.2,0.1,0.6,0.3,30385686
b,1,0.2,0.1,0.5,0.4,30315395
b,1,0.2,0.1,0.4,0.5,30242756
b,1,0.2,0.1,0.3,0.6,30091421
b,1,0.2,0.1,0.2,0.7,29926903
b,1,0.2,0.1,0.1,0.8,29693089
b,1,0.2,0.1,0.0,0.9,29358480
b,1,0.2,0.2,0.8,0.0,30288359
b,1,0.2,0.2,0.7,0.1,30289504
b,1,0.2,0.2,0.6,0.2,30267185
b,1,0.2,0.2,0.5,0.3,30226124
b,1,0.2,0.2,0.4,0.4,30164615
b,1,0.2,0.2,0.3,0.5,30053765
b,1,0.2,0.2,0.2,0.6,29917010
b,1,0.2,0.2,0.1,0.7,29699491
b,1,0.2,0.2,0.0,0.8,29443916
b,1,0.2,0.3,0.7,0.0,30168931
b,1,0.2,0.3,0.6,0.1,30153776
b,1,0.2,0.3,0.5,0.2,30113667
b,1,0.2,0.3,0.4,0.3,30073620
b,1,0.2,0.3,0.3,0.4,29992481
b,1,0.2,0.3,0.2,0.5,29873169
b,1,0.2,0.3,0.1,0.6,29692783
b,1,0.2,0.3,0.0,0.7,29459307
b,1,0.2,0.4,0.6,0.0,30028872
b,1,0.2,0.4,0.5,0.1,29997324
b,1,0.2,0.4,0.4,0.2,29980893
b,1,0.2,0.4,0.3,0.3,29911296
b,1,0.2,0.4,0.2,0.4,29812901
b,1,0.2,0.4,0.1,0.5,29676131
b,1,0.2,0.4,0.0,0.6,29503541
b,1,0.2,0.5,0.5,0.0,29904805
b,1,0.2,0.5,0.4,0.1,29878530
b,1,0.2,0.5,0.3,0.2,29854640
b,1,0.2,0.5,0.2,0.3,29759120
b,1,0.2,0.5,0.1,0.4,29664647
b,1,0.2,0.5,0.0,0.5,29487218
b,1,0.2,0.6,0.4,0.0,29771232
b,1,0.2,0.6,0.3,0.1,29752290
b,1,0.2,0.6,0.2,0.2,29704667
b,1,0.2,0.6,0.1,0.3,29600935
b,1,0.2,0.6,0.0,0.4,29456908
b,1,0.2,0.7,0.3,0.0,29642130
b,1,0.2,0.7,0.2,0.1,29614896
b,1,0.2,0.7,0.1,0.2,29529147
b,1,0.2,0.7,0.0,0.3,29434412
b,1,0.2,0.8,0.2,0.0,29513839
b,1,0.2,0.8,0.1,0.1,29474995
b,1,0.2,0.8,0.0,0.2,29371264
b,1,0.2,0.9,0.1,0.0,29392103
b,1,0.2,0.9,0.0,0.1,29328560
b,1,0.2,1.0,0.0,0.0,29274189
b,2,0.05,0.0,1.0,0.0,40119142
b,2,0.05,0.0,0.9,0.1,40098912
b,2,0.05,0.0,0.8,0.2,40034796
b,2,0.05,0.0,0.7,0.3,40028287
b,2,0.05,0.0,0.6,0.4,39945028
b,2,0.05,0.0,0.5,0.5,39840394
b,2,0.05,0.0,0.4,0.6,39685791
b,2,0.05,0.0,0.3,0.7,39383377
b,2,0.05,0.0,0.2,0.8,38987015
b,2,0.05,0.0,0.1,0.9,38563614
b,2,0.05,0.0,0.0,1.0,38257131
b,2,0.05,0.1,0.9,0.0,39737702
b,2,0.05,0.1,0.8,0.1,39661659
b,2,0.05,0.1,0.7,0.2,39636481
b,2,0.05,0.1,0.6,0.3,39582798
b,2,0.05,0.1,0.5,0.4,39428925
b,2,0.05,0.1,0.4,0.5,39330339
b,2,0.05,0.1,0.3,0.6,39139176
b,2,0.05,0.1,0.2,0.7,38793110
b,2,0.05,0.1,0.1,0.8,38398065
b,2,0.05,0.1,0.0,0.9,37985259
b,2,0.05,0.2,0.8,0.0,39270426
b,2,0.05,0.2,0.7,0.1,39163491
b,2,0.05,0.2,0.6,0.2,39097756
b,2,0.05,0.2,0.5,0.3,39021069
b,2,0.05,0.2,0.4,0.4,38939677
b,2,0.05,0.2,0.3,0.5,38737883
b,2,0.05,0.2,0.2,0.6,38473953
b,2,0.05,0.2,0.1,0.7,38136730
b,2,0.05,0.2,0.0,0.8,37682539
b,2,0.05,0.3,0.7,0.0,38750263
b,2,0.05,0.3,0.6,0.1,38734344
b,2,0.05,0.3,0.5,0.2,38569414
b,2,0.05,0.3,0.4,0.3,38478741
b,2,0.05,0.3,0.3,0.4,38331754
b,2,0.05,0.3,0.2,0.5,38077205
b,2,0.05,0.3,0.1,0.6,37780931
b,2,0.05,0.3,0.0,0.7,37391629
b,2,0.05,0.4,0.6,0.0,38291202
b,2,0.05,0.4,0.5,0.1,38118712
b,2,0.05,0.4,0.4,0.2,38022347
b,2,0.05,0.4,0.3,0.3,37863741
b,2,0.05,0.4,0.2,0.4,37679565
b,2,0.05,0.4,0.1,0.5,37422056
b,2,0.05,0.4,0.0,0.6,37099164
b,2,0.05,0.5,0.5,0.0,37793706
b,2,0.05,0.5,0.4,0.1,37601652
b,2,0.05,0.5,0.3,0.2,37390921
b,2,0.05,0.5,0.2,0.3,37186687
b,2,0.05,0.5,0.1,0.4,37062971
b,2,0.05,0.5,0.0,0.5,36784951
b,2,0.05,0.6,0.4,0.0,37225813
b,2,0.05,0.6,0.3,0.1,36932891
b,2,0.05,0.6,0.2,0.2,36727905
b,2,0.05,0.6,0.1,0.3,36617644
b,2,0.05,0.6,0.0,0.4,36401879
b,2,0.05,0.7,0.3,0.0,36576466
b,2,0.05,0.7,0.2,0.1,36322041
b,2,0.05,0.7,0.1,0.2,36154001
b,2,0.05,0.7,0.0,0.3,35973696
b,2,0.05,0.8,0.2,0.0,36060284
b,2,0.05,0.8,0.1,0.1,35791437
b,2,0.05,0.8,0.0,0.2,35625460
b,2,0.05,0.9,0.1,0.0,35512711
b,2,0.05,0.9,0.0,0.1,35256845
b,2,0.05,1.0,0.0,0.0,35105371
b,2,0.1,0.0,1.0,0.0,40262645
b,2,0.1,0.0,0.9,0.1,40164261
b,2,0.1,0.0,0.8,0.2,40077145
b,2,0.1,0.0,0.7,0.3,39896027
b,2,0.1,0.0,0.6,0.4,39689721
b,2,0.1,0.0,0.5,0.5,39360770
b,2,0.1,0.0,0.4,0.6,38981652
b,2,0.1,0.0,0.3,0.7,38531823
b,2,0.1,0.0,0.2,0.8,38009209
b,2,0.1,0.0,0.1,0.9,37414706
b,2,0.1,0.0,0.0,1.0,36869811
b,2,0.1,0.1,0.9,0.0,39776965
b,2,0.1,0.1,0.8,0.1,39674096
b,2,0.1,0.1,0.7,0.2,39539303
b,2,0.1,0.1,0.6,0.3,39345042
b,2,0.1,0.1,0.5,0.4,39052284
b,2,0.1,0.1,0.4,0.5,38741502
b,2,0.1,0.1,0.3,0.6,38336644
b,2,0.1,0.1,0.2,0.7,37828296
b,2,0.1,0.1,0.1,0.8,37288849
b,2,0.1,0.1,0.0,0.9,36698118
b,2,0.1,0.2,0.8,0.0,39250533
b,2,0.1,0.2,0.7,0.1,39112095
b,2,0.1,0.2,0.6,0.2,38954159
b,2,0.1,0.2,0.5,0.3,38735119
b,2,0.1,0.2,0.4,0.4,38463572
b,2,0.1,0.2,0.3,0.5,38069781
b,2,0.1,0.2,0.2,0.6,37608968
b,2,0.1,0.2,0.1,0.7,37129544
b,2,0.1,0.2,0.0,0.8,36551854
b,2,0.1,0.3,0.7,0.0,38684662
b,2,0.1,0.3,0.6,0.1,38574497
b,2,0.1,0.3,0.5,0.2,38353811
b,2,0.1,0.3,0.4,0.3,38104747
b,2,0.1,0.3,0.3,0.4,37780950
b,2,0.1,0.3,0.2,0.5,37385347
b,2,0.1,0.3,0.1,0.6,36919104
b,2,0.1,0.3,0.0,0.7,36374852
b,2,0.1,0.4,0.6,0.0,38135811
b,2,0.1,0.4,0.5,0.1,37963821
b,2,0.1,0.4,0.4,0.2,37767779
b,2,0.1,0.4,0.3,0.3,37493524
b,2,0.1,0.4,0.2,0.4,37101673
b,2,0.1,0.4,0.1,0.5,36670805
b,2,0.1,0.4,0.0,0.6,36220691
b,2,0.1,0.5,0.5,0.0,37560270
b,2,0.1,0.5,0.4,0.1,37357521
b,2,0.1,0.5,0.3,0.2,37142377
b,2,0.1,0.5,0.2,0.3,36807319
b,2,0.1,0.5,0.1,0.4,36450144
b,2,0.1,0.5,0.0,0.5,35997276
b,2,0.1,0.6,0.4,0.0,36963785
b,2,0.1,0.6,0.3,0.1,36748408
b,2,0.1,0.6,0.2,0.2,36499612
b,2,0.1,0.6,0.1,0.3,36183350
b,2,0.1,0.6,0.0,0.4,35788485
b,2,0.1,0.7,0.3,0.0,36371694
b,2,0.1,0.7,0.2,0.1,36146364
b,2,0.1,0.7,0.1,0.2,35891744
b,2,0.1,0.7,0.0,0.3,35568384
b,2,0.1,0.8,0.2,0.0,35803365
b,2,0.1,0.8,0.1,0.1,35590121
b,2,0.1,0.8,0.0,0.2,35339961
b,2,0.1,0.9,0.1,0.0,35293701
b,2,0.1,0.9,0.0,0.1,35079276
b,2,0.1,1.0,0.0,0.0,34853482
b,2,0.2,0.0,1.0,0.0,37036392
b,2,0.2,0.0,0.9,0.1,36932649
b,2,0.2,0.0,0.8,0.2,36806455
b,2,0.2,0.0,0.7,0.3,36636906
b,2,0.2,0.0,0.6,0.4,36442007
b,2,0.2,0.0,0.5,0.5,36198171
b,2,0.2,0.0,0.4,0.6,35907639
b,2,0.2,0.0,0.3,0.7,35600164
b,2,0.2,0.0,0.2,0.8,35177178
b,2,0.2,0.0,0.1,0.9,34644335
b,2,0.2,0.0,0.0,1.0,34002649
b,2,0.2,0.1,0.9,0.0,36645557
b,2,0.2,0.1,0.8,0.1,36530773
b,2,0.2,0.1,0.7,0.2,36391760
b,2,0.2,0.1,0.6,0.3,36246183
b,2,0.2,0.1,0.5,0.4,36034649
b,2,0.2,0.1,0.4,0.5,35782114
b,2,0.2,0.1,0.3,0.6,35502542
b,2,0.2,0.1,0.2,0.7,35141272
b,2,0.2,0.1,0.1,0.8,34686094
b,2,0.2,0.1,0.0,0.9,34091980
b,2,0.2,0.2,0.8,0.0,36244325
b,2,0.2,0.2,0.7,0.1,36136863
b,2,0.2,0.2,0.6,0.2,36015175
b,2,0.2,0.2,0.5,0.3,35825439
b,2,0.2,0.2,0.4,0.4,35642687
b,2,0.2,0.2,0.3,0.5,35371467
b,2,0.2,0.2,0.2,0.6,35078208
b,2,0.2,0.2,0.1,0.7,34677018
b,2,0.2,0.2,0.0,0.8,34198363
b,2,0.2,0.3,0.7,0.0,35896364
b,2,0.2,0.3,0.6,0.1,35786258
b,2,0.2,0.3,0.5,0.2,35632955
b,2,0.2,0.3,0.4,0.3,35458916
b,2,0.2,0.3,0.3,0.4,35239468
b,2,0.2,0.3,0.2,0.5,34970357
b,2,0.2,0.3,0.1,0.6,34654978
b,2,0.2,0.3,0.0,0.7,34219235
b,2,0.2,0.4,0.6,0.0,35546884
b,2,0.2,0.4,0.5,0.1,35418862
b,2,0.2,0.4,0.4,0.2,35289374
b,2,0.2,0.4,0.3,0.3,35110931
b,2,0.2,0.4,0.2,0.4,34889065
b,2,0.2,0.4,0.1,0.5,34588182
b,2,0.2,0.4,0.0,0.6,34235404
b,2,0.2,0.5,0.5,0.0,35238444
b,2,0.2,0.5,0.4,0.1,35105739
b,2,0.2,0.5,0.3,0.2,34974035
b,2,0.2,0.5,0.2,0.3,34764209
b,2,0.2,0.5,0.1,0.4,34512839
b,2,0.2,0.5,0.0,0.5,34211312
b,2,0.2,0.6,0.4,0.0,34903100
b,2,0.2,0.6,0.3,0.1,34799724
b,2,0.2,0.6,0.2,0.2,34625087
b,2,0.2,0.6,0.1,0.3,34423716
b,2,0.2,0.6,0.0,0.4,34146490
b,2,0.2,0.7,0.3,0.0,34614012
b,2,0.2,0.7,0.2,0.1,34474783
b,2,0.2,0.7,0.1,0.2,34317699
b,2,0.2,0.7,0.0,0.3,34068271
b,2,0.2,0.8,0.2,0.0,34312349
b,2,0.2,0.8,0.1,0.1,34192514
b,2,0.2,0.8,0.0,0.2,33979595
b,2,0.2,0.9,0.1,0.0,34040385
b,2,0.2,0.9,0.0,0.1,33883957
b,2,0.2,1.0,0.0,0.0,33775501
b,3,0.05,0.0,1.0,0.0,42028928
b,3,0.05,0.0,0.9,0.1,41953507
b,3,0.05,0.0,0.8,0.2,41873439
b,3,0.05,0.0,0.7,0.3,41893082
b,3,0.05,0.0,0.6,0.4,41909340
b,3,0.05,0.0,0.5,0.5,41799892
b,3,0.05,0.0,0.4,0.6,41501398
b,3,0.05,0.0,0.3,0.7,41096479
b,3,0.05,0.0,0.2,0.8,40534003
b,3,0.05,0.0,0.1,0.9,39930929
b,3,0.05,0.0,0.0,1.0,39547286
b,3,0.05,0.1,0.9,0.0,41623211
b,3,0.05,0.1,0.8,0.1,41488602
b,3,0.05,0.1,0.7,0.2,41448767
b,3,0.05,0.1,0.6,0.3,41559868
b,3,0.05,0.1,0.5,0.4,41438343
b,3,0.05,0.1,0.4,0.5,41276418
b,3,0.05,0.1,0.3,0.6,40907330
b,3,0.05,0.1,0.2,0.7,40390873
b,3,0.05,0.1,0.1,0.8,39697407
b,3,0.05,0.1,0.0,0.9,39209095
b,3,0.05,0.2,0.8,0.0,41116667
b,3,0.05,0.2,0.7,0.1,41124095
b,3,0.05,0.2,0.6,0.2,41152611
b,3,0.05,0.2,0.5,0.3,41080370
b,3,0.05,0.2,0.4,0.4,40928411
b,3,0.05,0.2,0.3,0.5,40611815
b,3,0.05,0.2,0.2,0.6,40131926
b,3,0.05,0.2,0.1,0.7,39498556
b,3,0.05,0.2,0.0,0.8,38922327
b,3,0.05,0.3,0.7,0.0,40729798
b,3,0.05,0.3,0.6,0.1,40785651
b,3,0.05,0.3,0.5,0.2,40620164
b,3,0.05,0.3,0.4,0.3,40469292
b,3,0.05,0.3,0.3,0.4,40234694
b,3,0.05,0.3,0.2,0.5,39790463
b,3,0.05,0.3,0.1,0.6,39264489
b,3,0.05,0.3,0.0,0.7,38636978
b,3,0.05,0.4,0.6,0.0,40385042
b,3,0.05,0.4,0.5,0.1,40236185
b,3,0.05,0.4,0.4,0.2,40076569
b,3,0.05,0.4,0.3,0.3,39741979
b,3,0.05,0.4,0.2,0.4,39395053
b,3,0.05,0.4,0.1,0.5,38915439
b,3,0.05,0.4,0.0,0.6,38403551
b,3,0.05,0.5,0.5,0.0,39923149
b,3,0.05,0.5,0.4,0.1,39674387
b,3,0.05,0.5,0.3,0.2,39291910
b,3,0.05,0.5,0.2,0.3,38947038
b,3,0.05,0.5,0.1,0.4,38531982
b,3,0.05,0.5,0.0,0.5,38102465
b,3,0.05,0.6,0.4,0.0,39300088
b,3,0.05,0.6,0.3,0.1,38864560
b,3,0.05,0.6,0.2,0.2,38473619
b,3,0.05,0.6,0.1,0.3,38152900
b,3,0.05,0.6,0.0,0.4,37748521
b,3,0.05,0.7,0.3,0.0,38621066
b,3,0.05,0.7,0.2,0.1,38066527
b,3,0.05,0.7,0.1,0.2,37724317
b,3,0.05,0.7,0.0,0.3,37412425
b,3,0.05,0.8,0.2,0.0,37885611
b,3,0.05,0.8,0.1,0.1,37407496
b,3,0.05,0.8,0.0,0.2,37164055
b,3,0.05,0.9,0.1,0.0,37204467
b,3,0.05,0.9,0.0,0.1,36926188
b,3,0.05,1.0,0.0,0.0,36860932
b,3,0.1,0.0,1.0,0.0,42680299
b,3,0.1,0.0,0.9,0.1,42558205
b,3,0.1,0.0,0.8,0.2,42327101
b,3,0.1,0.0,0.7,0.3,42083374
b,3,0.1,0.0,0.6,0.4,41858025
b,3,0.1,0.0,0.5,0.5,41395785
b,3,0.1,0.0,0.4,0.6,40843065
b,3,0.1,0.0,0.3,0.7,40149722
b,3,0.1,0.0,0.2,0.8,39399337
b,3,0.1,0.0,0.1,0.9,38553035
b,3,0.1,0.0,0.0,1.0,37817598
b,3,0.1,0.1,0.9,0.0,42111275
b,3,0.1,0.1,0.8,0.1,41905885
b,3,0.1,0.1,0.7,0.2,41681919
b,3,0.1,0.1,0.6,0.3,41416538
b,3,0.1,0.1,0.5,0.4,40996973
b,3,0.1,0.1,0.4,0.5,40548052
b,3,0.1,0.1,0.3,0.6,39926329
b,3,0.1,0.1,0.2,0.7,39206720
b,3,0.1,0.1,0.1,0.8,38407978
b,3,0.1,0.1,0.0,0.9,37596678
b,3,0.1,0.2,0.8,0.0,41447562
b,3,0.1,0.2,0.7,0.1,41209398
b,3,0.1,0.2,0.6,0.2,40947230
b,3,0.1,0.2,0.5,0.3,40624359
b,3,0.1,0.2,0.4,0.4,40237227
b,3,0.1,0.2,0.3,0.5,39637017
b,3,0.1,0.2,0.2,0.6,38994199
b,3,0.1,0.2,0.1,0.7,38232175
b,3,0.1,0.2,0.0,0.8,37397678
b,3,0.1,0.3,0.7,0.0,40727329
b,3,0.1,0.3,0.6,0.1,40487027
b,3,0.1,0.3,0.5,0.2,40169725
b,3,0.1,0.3,0.4,0.3,39817878
b,3,0.1,0.3,0.3,0.4,39307487
b,3,0.1,0.3,0.2,0.5,38679798
b,3,0.1,0.3,0.1,0.6,38010419
b,3,0.1,0.3,0.0,0.7,37255657
b,3,0.1,0.4,0.6,0.0,40013204
b,3,0.1,0.4,0.5,0.1,39718040
b,3,0.1,0.4,0.4,0.2,39357613
b,3,0.1,0.4,0.3,0.3,38910734
b,3,0.1,0.4,0.2,0.4,38383593
b,3,0.1,0.4,0.1,0.5,37748118
b,3,0.1,0.4,0.0,0.6,37095605
b,3,0.1,0.5,0.5,0.0,39254895
b,3,0.1,0.5,0.4,0.1,38879964
b,3,0.1,0.5,0.3,0.2,38499745
b,3,0.1,0.5,0.2,0.3,38029919
b,3,0.1,0.5,0.1,0.4,37517345
b,3,0.1,0.5,0.0,0.5,36892627
b,3,0.1,0.6,0.4,0.0,38434931
b,3,0.1,0.6,0.3,0.1,38056251
b,3,0.1,0.6,0.2,0.2,37665862
b,3,0.1,0.6,0.1,0.3,37223379
b,3,0.1,0.6,0.0,0.4,36699592
b,3,0.1,0.7,0.3,0.0,37680321
b,3,0.1,0.7,0.2,0.1,37288058
b,3,0.1,0.7,0.1,0.2,36933624
b,3,0.1,0.7,0.0,0.3,36494152
b,3,0.1,0.8,0.2,0.0,36924308
b,3,0.1,0.8,0.1,0.1,36594883
b,3,0.1,0.8,0.0,0.2,36257494
b,3,0.1,0.9,0.1,0.0,36316749
b,3,0.1,0.9,0.0,0.1,36012853
b,3,0.1,1.0,0.0,0.0,35834133
b,3,0.2,0.0,1.0,0.0,40326287
b,3,0.2,0.0,0.9,0.1,40122609
b,3,0.2,0.0,0.8,0.2,39875732
b,3,0.2,0.0,0.7,0.3,39584745
b,3,0.2,0.0,0.6,0.4,39284052
b,3,0.2,0.0,0.5,0.5,38918779
b,3,0.2,0.0,0.4,0.6,38475703
b,3,0.2,0.0,0.3,0.7,38002669
b,3,0.2,0.0,0.2,0.8,37337855
b,3,0.2,0.0,0.1,0.9,36595397
b,3,0.2,0.0,0.0,1.0,35679621
b,3,0.2,0.1,0.9,0.0,39715572
b,3,0.2,0.1,0.8,0.1,39530384
b,3,0.2,0.1,0.7,0.2,39263648
b,3,0.2,0.1,0.6,0.3,38993624
b,3,0.2,0.1,0.5,0.4,38653794
b,3,0.2,0.1,0.4,0.5,38284608
b,3,0.2,0.1,0.3,0.6,37874381
b,3,0.2,0.1,0.2,0.7,37326949
b,3,0.2,0.1,0.1,0.8,36660004
b,3,0.2,0.1,0.0,0.9,35852903
b,3,0.2,0.2,0.8,0.0,39159896
b,3,0.2,0.2,0.7,0.1,38936293
b,3,0.2,0.2,0.6,0.2,38693859
b,3,0.2,0.2,0.5,0.3,38398416
b,3,0.2,0.2,0.4,0.4,38072313
b,3,0.2,0.2,0.3,0.5,37695379
b,3,0.2,0.2,0.2,0.6,37239086
b,3,0.2,0.2,0.1,0.7,36684626
b,3,0.2,0.2,0.0,0.8,35977082
b,3,0.2,0.3,0.7,0.0,38595634
b,3,0.2,0.3,0.6,0.1,38368550
b,3,0.2,0.3,0.5,0.2,38103588
b,3,0.2,0.3,0.4,0.3,37832488
b,3,0.2,0.3,0.3,0.4,37507680
b,3,0.2,0.3,0.2,0.5,37119439
b,3,0.2,0.3,0.1,0.6,36667243
b,3,0.2,0.3,0.0,0.7,36040966
b,3,0.2,0.4,0.6,0.0,38063193
b,3,0.2,0.4,0.5,0.1,37824760
b,3,0.2,0.4,0.4,0.2,37573778
b,3,0.2,0.4,0.3,0.3,37292882
b,3,0.2,0.4,0.2,0.4,36969809
b,3,0.2,0.4,0.1,0.5,36603331
b,3,0.2,0.4,0.0,0.6,36089969
b,3,0.2,0.5,0.5,0.0,37572235
b,3,0.2,0.5,0.4,0.1,37334614
b,3,0.2,0.5,0.3,0.2,37097442
b,3,0.2,0.5,0.2,0.3,36811010
b,3,0.2,0.5,0.1,0.4,36495566
b,3,0.2,0.5,0.0,0.5,36064342
b,3,0.2,0.6,0.4,0.0,37087902
b,3,0.2,0.6,0.3,0.1,36893205
b,3,0.2,0.6,0.2,0.2,36619869
b,3,0.2,0.6,0.1,0.3,36353222
b,3,0.2,0.6,0.0,0.4,36002942
b,3,0.2,0.7,0.3,0.0,36649180
b,3,0.2,0.7,0.2,0.1,36449905
b,3,0.2,0.7,0.1,0.2,36211111
b,3,0.2,0.7,0.0,0.3,35906498
b,3,0.2,0.8,0.2,0.0,36271824
b,3,0.2,0.8,0.1,0.1,36044459
b,3,0.2,0.8,0.0,0.2,35800632
b,3,0.2,0.9,0.1,0.0,35900500
b,3,0.2,0.9,0.0,0.1,35676781
b,3,0.2,1.0,0.0,0.0,35563775
c,1,0.05,0.0,1.0,0.0,7756454
c,1,0.05,0.0,0.9,0.1,7740244
c,1,0.05,0.0,0.8,0.2,7797388
c,1,0.05,0.0,0.7,0.3,7821462
c,1,0.05,0.0,0.6,0.4,7824114
c,1,0.05,0.0,0.5,0.5,7833314
c,1,0.05,0.0,0.4,0.6,7814952
c,1,0.05,0.0,0.3,0.7,7807055
c,1,0.05,0.0,0.2,0.8,7825959
c,1,0.05,0.0,0.1,0.9,7829881
c,1,0.05,0.0,0.0,1.0,7835492
c,1,0.05,0.1,0.9,0.0,7750516
c,1,0.05,0.1,0.8,0.1,7784022
c,1,0.05,0.1,0.7,0.2,7823164
c,1,0.05,0.1,0.6,0.3,7816140
c,1,0.05,0.1,0.5,0.4,7829599
c,1,0.05,0.1,0.4,0.5,7840648
c,1,0.05,0.1,0.3,0.6,7828725
c,1,0.05,0.1,0.2,0.7,7845778
c,1,0.05,0.1,0.1,0.8,7885346
c,1,0.05,0.1,0.0,0.9,7836929
c,1,0.05,0.2,0.8,0.0,7794645
c,1,0.05,0.2,0.7,0.1,7807510
c,1,0.05,0.2,0.6,0.2,7818915
c,1,0.05,0.2,0.5,0.3,7850004
c,1,0.05,0.2,0.4,0.4,7847185
c,1,0.05,0.2,0.3,0.5,7846555
c,1,0.05,0.2,0.2,0.6,7868073
c,1,0.05,0.2,0.1,0.7,7905812
c,1,0.05,0.2,0.0,0.8,7902598
c,1,0.05,0.3,0.7,0.0,7822957
c,1,0.05,0.3,0.6,0.1,7831320
c,1,0.05,0.3,0.5,0.2,7855935
c,1,0.05,0.3,0.4,0.3,7857874
c,1,0.05,0.3,0.3,0.4,7867904
c,1,0.05,0.3,0.2,0.5,7907056
c,1,0.05,0.3,0.1,0.6,7911578
c,1,0.05,0.3,0.0,0.7,7907525
c,1,0.05,0.4,0.6,0.0,7858879
c,1,0.05,0.4,0.5,0.1,7866451
c,1,0.05,0.4,0.4,0.2,7888965
c,1,0.05,0.4,0.3,0.3,7905048
c,1,0.05,0.4,0.2,0.4,7928185
c,1,0.05,0.4,0.1,0.5,7953665
c,1,0.05,0.4,0.0,0.6,7944281
c,1,0.05,0.5,0.5,0.0,7904584
c,1,0.05,0.5,0.4,0.1,7923391
c,1,0.05,0.5,0.3,0.2,7908933
c,1,0.05,0.5,0.2,0.3,7966518
c,1,0.05,0.5,0.1,0.4,7993769
c,1,0.05,0.5,0.0,0.5,7989730
c,1,0.05,0.6,0.4,0.0,7908415
c,1,0.05,0.6,0.3,0.1,7938107
c,1,0.05,0.6,0.2,0.2,8005303
c,1,0.05,0.6,0.1,0.3,8035814
c,1,0.05,0.6,0.0,0.4,8019740
c,1,0.05,0.7,0.3,0.0,7920467
c,1,0.05,0.7,0.2,0.1,7987017
c,1,0.05,0.7,0.1,0.2,8043677
c,1,0.05,0.7,0.0,0.3,8057411
c,1,0.05,0.8,0.2,0.0,7980786
c,1,0.05,0.8,0.1,0.1,8041489
c,1,0.05,0.8,0.0,0.2,8064694
c,1,0.05,0.9,0.1,0.0,8034750
c,1,0.05,0.9,0.0,0.1,8067208
c,1,0.05,1.0,0.0,0.0,8091857
c,1,0.1,0.0,1.0,0.0,9262124
c,1,0.1,0.0,0.9,0.1,9274166
c,1,0.1,0.0,0.8,0.2,9360264
c,1,0.1,0.0,0.7,0.3,9399826
c,1,0.1,0.0,0.6,0.4,9438469
c,1,0.1,0.0,0.5,0.5,9484363
c,1,0.1,0.0,0.4,0.6,9496953
c,1,0.1,0.0,0.3,0.7,9505077
c,1,0.1,0.0,0.2,0.8,9479375
c,1,0.1,0.0,0.1,0.9,9466844
c,1,0.1,0.0,0.0,1.0,9436040
c,1,0.1,0.1,0.9,0.0,9310288
c,1,0.1,0.1,0.8,0.1,9383132
c,1,0.1,0.1,0.7,0.2,9444525
c,1,0.1,0.1,0.6,0.3,9471013
c,1,0.1,0.1,0.5,0.4,9535339
c,1,0.1,0.1,0.4,0.5,9578989
c,1,0.1,0.1,0.3,0.6,9561626
c,1,0.1,0.1,0.2,0.7,9577563
c,1,0.1,0.1,0.1,0.8,9532527
c,1,0.1,0.1,0.0,0.9,9492848
c,1,0.1,0.2,0.8,0.0,9397404
c,1,0.1,0.2,0.7,0.1,9424591
c,1,0.1,0.2,0.6,0.2,9497083
c,1,0.1,0.2,0.5,0.3,9560140
c,1,0.1,0.2,0.4,0.4,9619204
c,1,0.1,0.2,0.3,0.5,9620074
c,1,0.1,0.2,0.2,0.6,9638031
c,1,0.1,0.2,0.1,0.7,9606814
c,1,0.1,0.2,0.0,0.8,9586936
c,1,0.1,0.3,0.7,0.0,9450147
c,1,0.1,0.3,0.6,0.1,9489107
c,1,0.1,0.3,0.5,0.2,9556235
c,1,0.1,0.3,0.4,0.3,9623448
c,1,0.1,0.3,0.3,0.4,9649969
c,1,0.1,0.3,0.2,0.5,9672752
c,1,0.1,0.3,0.1,0.6,9638669
c,1,0.1,0.3,0.0,0.7,9627807
c,1,0.1,0.4,0.6,0.0,9488450
c,1,0.1,0.4,0.5,0.1,9537433
c,1,0.1,0.4,0.4,0.2,9607254
c,1,0.1,0.4,0.3,0.3,9644251
c,1,0.1,0.4,0.2,0.4,9669893
c,1,0.1,0.4,0.1,0.5,9680411
c,1,0.1,0.4,0.0,0.6,9673911
c,1,0.1,0.5,0.5,0.0,9561156
c,1,0.1,0.5,0.4,0.1,9606023
c,1,0.1,0.5,0.3,0.2,9628623
c,1,0.1,0.5,0.2,0.3,9656565
c,1,0.1,0.5,0.1,0.4,9679387
c,1,0.1,0.5,0.0,0.5,9685788
c,1,0.1,0.6,0.4,0.0,9593858
c,1,0.1,0.6,0.3,0.1,9611449
c,1,0.1,0.6,0.2,0.2,9629815
c,1,0.1,0.6,0.1,0.3,9652306
c,1,0.1,0.6,0.0,0.4,9665847
c,1,0.1,0.7,0.3,0.0,9589011
c,1,0.1,0.7,0.2,0.1,9608208
c,1,0.1,0.7,0.1,0.2,9625124
c,1,0.1,0.7,0.0,0.3,9647442
c,1,0.1,0.8,0.2,0.0,9607937
c,1,0.1,0.8,0.1,0.1,9598944
c,1,0.1,0.8,0.0,0.2,9631368
c,1,0.1,0.9,0.1,0.0,9575754
c,1,0.1,0.9,0.0,0.1,9593534
c,1,0.1,1.0,0.0,0.0,9589345
c,1,0.2,0.0,1.0,0.0,10154570
c,1,0.2,0.0,0.9,0.1,10206394
c,1,0.2,0.0,0.8,0.2,10268453
c,1,0.2,0.0,0.7,0.3,10320134
c,1,0.2,0.0,0.6,0.4,10348489
c,1,0.2,0.0,0.5,0.5,10408418
c,1,0.2,0.0,0.4,0.6,10413320
c,1,0.2,0.0,0.3,0.7,10429946
c,1,0.2,0.0,0.2,0.8,10435994
c,1,0.2,0.0,0.1,0.9,10436873
c,1,0.2,0.0,0.0,1.0,10453666
c,1,0.2,0.1,0.9,0.0,10245391
c,1,0.2,0.1,0.8,0.1,10306381
c,1,0.2,0.1,0.7,0.2,10363060
c,1,0.2,0.1,0.6,0.3,10399183
c,1,0.2,0.1,0.5,0.4,10446574
c,1,0.2,0.1,0.4,0.5,10469991
c,1,0.2,0.1,0.3,0.6,10473742
c,1,0.2,0.1,0.2,0.7,10514981
c,1,0.2,0.1,0.1,0.8,10512997
c,1,0.2,0.1,0.0,0.9,10513201
c,1,0.2,0.2,0.8,0.0,10329683
c,1,0.2,0.2,0.7,0.1,10378644
c,1,0.2,0.2,0.6,0.2,10437911
c,1,0.2,0.2,0.5,0.3,10468112
c,1,0.2,0.2,0.4,0.4,10514869
c,1,0.2,0.2,0.3,0.5,10518543
c,1,0.2,0.2,0.2,0.6,10548783
c,1,0.2,0.2,0.1,0.7,10570233
c,1,0.2,0.2,0.0,0.8,10576763
c,1,0.2,0.3,0.7,0.0,10392354
c,1,0.2,0.3,0.6,0.1,10446787
c,1,0.2,0.3,0.5,0.2,10483642
c,1,0.2,0.3,0.4,0.3,10530213
c,1,0.2,0.3,0.3,0.4,10557601
c,1,0.2,0.3,0.2,0.5,10576057
c,1,0.2,0.3,0.1,0.6,10599764
c,1,0.2,0.3,0.0,0.7,10614158
c,1,0.2,0.4,0.6,0.0,10448635
c,1,0.2,0.4,0.5,0.1,10486865
c,1,0.2,0.4,0.4,0.2,10526709
c,1,0.2,0.4,0.3,0.3,10565182
c,1,0.2,0.4,0.2,0.4,10598256
c,1,0.2,0.4,0.1,0.5,10623512
c,1,0.2,0.4,0.0,0.6,10647092
c,1,0.2,0.5,0.5,0.0,10478686
c,1,0.2,0.5,0.4,0.1,10534688
c,1,0.2,0.5,0.3,0.2,10550742
c,1,0.2,0.5,0.2,0.3,10593845
c,1,0.2,0.5,0.1,0.4,10608154
c,1,0.2,0.5,0.0,0.5,10652498
c,1,0.2,0.6,0.4,0.0,10504129
c,1,0.2,0.6,0.3,0.1,10533038
c,1,0.2,0.6,0.2,0.2,10576411
c,1,0.2,0.6,0.1,0.3,10612124
c,1,0.2,0.6,0.0,0.4,10637900
c,1,0.2,0.7,0.3,0.0,10491452
c,1,0.2,0.7,0.2,0.1,10539375
c,1,0.2,0.7,0.1,0.2,10571342
c,1,0.2,0.7,0.0,0.3,10601734
c,1,0.2,0.8,0.2,0.0,10503545
c,1,0.2,0.8,0.1,0.1,10526290
c,1,0.2,0.8,0.0,0.2,10558060
c,1,0.2,0.9,0.1,0.0,10476916
c,1,0.2,0.9,0.0,0.1,10509867
c,1,0.2,1.0,0.0,0.0,10431591
c,2,0.05,0.0,1.0,0.0,8894013
c,2,0.05,0.0,0.9,0.1,8901458
c,2,0.05,0.0,0.8,0.2,8936780
c,2,0.05,0.0,0.7,0.3,8952222
c,2,0.05,0.0,0.6,0.4,8977282
c,2,0.05,0.0,0.5,0.5,9010660
c,2,0.05,0.0,0.4,0.6,9056469
c,2,0.05,0.0,0.3,0.7,9038258
c,2,0.05,0.0,0.2,0.8,9053068
c,2,0.05,0.0,0.1,0.9,9108908
c,2,0.05,0.0,0.0,1.0,9120415
c,2,0.05,0.1,0.9,0.0,8898119
c,2,0.05,0.1,0.8,0.1,8908280
c,2,0.05,0.1,0.7,0.2,8942784
c,2,0.05,0.1,0.6,0.3,8956092
c,2,0.05,0.1,0.5,0.4,8956547
c,2,0.05,0.1,0.4,0.5,9014931
c,2,0.05,0.1,0.3,0.6,8994478
c,2,0.05,0.1,0.2,0.7,9105805
c,2,0.05,0.1,0.1,0.8,9161301
c,2,0.05,0.1,0.0,0.9,9140062
c,2,0.05,0.2,0.8,0.0,8893388
c,2,0.05,0.2,0.7,0.1,8945231
c,2,0.05,0.2,0.6,0.2,8930186
c,2,0.05,0.2,0.5,0.3,8974043
c,2,0.05,0.2,0.4,0.4,8989446
c,2,0.05,0.2,0.3,0.5,8975789
c,2,0.05,0.2,0.2,0.6,9041555
c,2,0.05,0.2,0.1,0.7,9107704
c,2,0.05,0.2,0.0,0.8,9198880
c,2,0.05,0.3,0.7,0.0,8933093
c,2,0.05,0.3,0.6,0.1,8935526
c,2,0.05,0.3,0.5,0.2,8982187
c,2,0.05,0.3,0.4,0.3,8990411
c,2,0.05,0.3,0.3,0.4,9004612
c,2,0.05,0.3,0.2,0.5,9033983
c,2,0.05,0.3,0.1,0.6,9074490
c,2,0.05,0.3,0.0,0.7,9097994
c,2,0.05,0.4,0.6,0.0,8912524
c,2,0.05,0.4,0.5,0.1,8947517
c,2,0.05,0.4,0.4,0.2,8977991
c,2,0.05,0.4,0.3,0.3,8997155
c,2,0.05,0.4,0.2,0.4,9019681
c,2,0.05,0.4,0.1,0.5,9093670
c,2,0.05,0.4,0.0,0.6,9105731
c,2,0.05,0.5,0.5,0.0,8911702
c,2,0.05,0.5,0.4,0.1,8951998
c,2,0.05,0.5,0.3,0.2,8972592
c,2,0.05,0.5,0.2,0.3,9034720
c,2,0.05,0.5,0.1,0.4,9084181
c,2,0.05,0.5,0.0,0.5,9118498
c,2,0.05,0.6,0.4,0.0,8884440
c,2,0.05,0.6,0.3,0.1,8966988
c,2,0.05,0.6,0.2,0.2,9020601
c,2,0.05,0.6,0.1,0.3,9101937
c,2,0.05,0.6,0.0,0.4,9121591
c,2,0.05,0.7,0.3,0.0,8911533
c,2,0.05,0.7,0.2,0.1,8980355
c,2,0.05,0.7,0.1,0.2,9075711
c,2,0.05,0.7,0.0,0.3,9143638
c,2,0.05,0.8,0.2,0.0,8990242
c,2,0.05,0.8,0.1,0.1,9061488
c,2,0.05,0.8,0.0,0.2,9148061
c,2,0.05,0.9,0.1,0.0,9065027
c,2,0.05,0.9,0.0,0.1,9152720
c,2,0.05,1.0,0.0,0.0,9202041
c,2,0.1,0.0,1.0,0.0,10513587
c,2,0.1,0.0,0.9,0.1,10537003
c,2,0.1,0.0,0.8,0.2,10608478
c,2,0.1,0.0,0.7,0.3,10673475
c,2,0.1,0.0,0.6,0.4,10745139
c,2,0.1,0.0,0.5,0.5,10817315
c,2,0.1,0.0,0.4,0.6,10814293
c,2,0.1,0.0,0.3,0.7,10810960
c,2,0.1,0.0,0.2,0.8,10800464
c,2,0.1,0.0,0.1,0.9,10741774
c,2,0.1,0.0,0.0,1.0,10697576
c,2,0.1,0.1,0.9,0.0,10506525
c,2,0.1,0.1,0.8,0.1,10598406
c,2,0.1,0.1,0.7,0.2,10705792
c,2,0.1,0.1,0.6,0.3,10787114
c,2,0.1,0.1,0.5,0.4,10868527
c,2,0.1,0.1,0.4,0.5,10928515
c,2,0.1,0.1,0.3,0.6,10918577
c,2,0.1,0.1,0.2,0.7,10924266
c,2,0.1,0.1,0.1,0.8,10865982
c,2,0.1,0.1,0.0,0.9,10806847
c,2,0.1,0.2,0.8,0.0,10549576
c,2,0.1,0.2,0.7,0.1,10627772
c,2,0.1,0.2,0.6,0.2,10763569
c,2,0.1,0.2,0.5,0.3,10858129
c,2,0.1,0.2,0.4,0.4,10922617
c,2,0.1,0.2,0.3,0.5,10954161
c,2,0.1,0.2,0.2,0.6,11002377
c,2,0.1,0.2,0.1,0.7,10983777
c,2,0.1,0.2,0.0,0.8,10926483
c,2,0.1,0.3,0.7,0.0,10574878
c,2,0.1,0.3,0.6,0.1,10666720
c,2,0.1,0.3,0.5,0.2,10757425
c,2,0.1,0.3,0.4,0.3,10857368
c,2,0.1,0.3,0.3,0.4,10932400
c,2,0.1,0.3,0.2,0.5,11010311
c,2,0.1,0.3,0.1,0.6,10986827
c,2,0.1,0.3,0.0,0.7,10985063
c,2,0.1,0.4,0.6,0.0,10620516
c,2,0.1,0.4,0.5,0.1,10692887
c,2,0.1,0.4,0.4,0.2,10765444
c,2,0.1,0.4,0.3,0.3,10823411
c,2,0.1,0.4,0.2,0.4,10933924
c,2,0.1,0.4,0.1,0.5,10973640
c,2,0.1,0.4,0.0,0.6,11010932
c,2,0.1,0.5,0.5,0.0,10654476
c,2,0.1,0.5,0.4,0.1,10697837
c,2,0.1,0.5,0.3,0.2,10742903
c,2,0.1,0.5,0.2,0.3,10821031
c,2,0.1,0.5,0.1,0.4,10873380
c,2,0.1,0.5,0.0,0.5,10910852
c,2,0.1,0.6,0.4,0.0,10638739
c,2,0.1,0.6,0.3,0.1,10667864
c,2,0.1,0.6,0.2,0.2,10735344
c,2,0.1,0.6,0.1,0.3,10780029
c,2,0.1,0.6,0.0,0.4,10809872
c,2,0.1,0.7,0.3,0.0,10606840
c,2,0.1,0.7,0.2,0.1,10685180
c,2,0.1,0.7,0.1,0.2,10713721
c,2,0.1,0.7,0.0,0.3,10748535
c,2,0.1,0.8,0.2,0.0,10639821
c,2,0.1,0.8,0.1,0.1,10673298
c,2,0.1,0.8,0.0,0.2,10687765
c,2,0.1,0.9,0.1,0.0,10625711
c,2,0.1,0.9,0.0,0.1,10649395
c,2,0.1,1.0,0.0,0.0,10638564
c,2,0.2,0.0,1.0,0.0,10916353
c,2,0.2,0.0,0.9,0.1,10971349
c,2,0.2,0.0,0.8,0.2,11047007
c,2,0.2,0.0,0.7,0.3,11128347
c,2,0.2,0.0,0.6,0.4,11196535
c,2,0.2,0.0,0.5,0.5,11277334
c,2,0.2,0.0,0.4,0.6,11316561
c,2,0.2,0.0,0.3,0.7,11350748
c,2,0.2,0.0,0.2,0.8,11388088
c,2,0.2,0.0,0.1,0.9,11408767
c,2,0.2,0.0,0.0,1.0,11419544
c,2,0.2,0.1,0.9,0.0,10936192
c,2,0.2,0.1,0.8,0.1,11014350
c,2,0.2,0.1,0.7,0.2,11095042
c,2,0.2,0.1,0.6,0.3,11178871
c,2,0.2,0.1,0.5,0.4,11251959
c,2,0.2,0.1,0.4,0.5,11322240
c,2,0.2,0.1,0.3,0.6,11355699
c,2,0.2,0.1,0.2,0.7,11404802
c,2,0.2,0.1,0.1,0.8,11426410
c,2,0.2,0.1,0.0,0.9,11432434
c,2,0.2,0.2,0.8,0.0,10964762
c,2,0.2,0.2,0.7,0.1,11045364
c,2,0.2,0.2,0.6,0.2,11129639
c,2,0.2,0.2,0.5,0.3,11207812
c,2,0.2,0.2,0.4,0.4,11276860
c,2,0.2,0.2,0.3,0.5,11344828
c,2,0.2,0.2,0.2,0.6,11409326
c,2,0.2,0.2,0.1,0.7,11437414
c,2,0.2,0.2,0.0,0.8,11448592
c,2,0.2,0.3,0.7,0.0,10947959
c,2,0.2,0.3,0.6,0.1,11067554
c,2,0.2,0.3,0.5,0.2,11151520
c,2,0.2,0.3,0.4,0.3,11225184
c,2,0.2,0.3,0.3,0.4,11293355
c,2,0.2,0.3,0.2,0.5,11360300
c,2,0.2,0.3,0.1,0.6,11403958
c,2,0.2,0.3,0.0,0.7,11433003
c,2,0.2,0.4,0.6,0.0,10951572
c,2,0.2,0.4,0.5,0.1,11042817
c,2,0.2,0.4,0.4,0.2,11142067
c,2,0.2,0.4,0.3,0.3,11230495
c,2,0.2,0.4,0.2,0.4,11303032
c,2,0.2,0.4,0.1,0.5,11366405
c,2,0.2,0.4,0.0,0.6,11398038
c,2,0.2,0.5,0.5,0.0,10929443
c,2,0.2,0.5,0.4,0.1,11019725
c,2,0.2,0.5,0.3,0.2,11110095
c,2,0.2,0.5,0.2,0.3,11199383
c,2,0.2,0.5,0.1,0.4,11288218
c,2,0.2,0.5,0.0,0.5,11340426
c,2,0.2,0.6,0.4,0.0,10919611
c,2,0.2,0.6,0.3,0.1,11008065
c,2,0.2,0.6,0.2,0.2,11085129
c,2,0.2,0.6,0.1,0.3,11161460
c,2,0.2,0.6,0.0,0.4,11210461
c,2,0.2,0.7,0.3,0.0,10883642
c,2,0.2,0.7,0.2,0.1,10978394
c,2,0.2,0.7,0.1,0.2,11038270
c,2,0.2,0.7,0.0,0.3,11098890
c,2,0.2,0.8,0.2,0.0,10874762
c,2,0.2,0.8,0.1,0.1,10914444
c,2,0.2,0.8,0.0,0.2,10979679
c,2,0.2,0.9,0.1,0.0,10822794
c,2,0.2,0.9,0.0,0.1,10869664
c,2,0.2,1.0,0.0,0.0,10806142
c,3,0.05,0.0,1.0,0.0,9364869
c,3,0.05,0.0,0.9,0.1,9318377
c,3,0.05,0.0,0.8,0.2,9368424
c,3,0.05,0.0,0.7,0.3,9351776
c,3,0.05,0.0,0.6,0.4,9350247
c,3,0.05,0.0,0.5,0.5,9378216
c,3,0.05,0.0,0.4,0.6,9423207
c,3,0.05,0.0,0.3,0.7,9377619
c,3,0.05,0.0,0.2,0.8,9398714
c,3,0.05,0.0,0.1,0.9,9454686
c,3,0.05,0.0,0.0,1.0,9484853
c,3,0.05,0.1,0.9,0.0,9318629
c,3,0.05,0.1,0.8,0.1,9325358
c,3,0.05,0.1,0.7,0.2,9327344
c,3,0.05,0.1,0.6,0.3,9294547
c,3,0.05,0.1,0.5,0.4,9293883
c,3,0.05,0.1,0.4,0.5,9298277
c,3,0.05,0.1,0.3,0.6,9291264
c,3,0.05,0.1,0.2,0.7,9406850
c,3,0.05,0.1,0.1,0.8,9482635
c,3,0.05,0.1,0.0,0.9,9518237
c,3,0.05,0.2,0.8,0.0,9315684
c,3,0.05,0.2,0.7,0.1,9366246
c,3,0.05,0.2,0.6,0.2,9331269
c,3,0.05,0.2,0.5,0.3,9329155
c,3,0.05,0.2,0.4,0.4,9301345
c,3,0.05,0.2,0.3,0.5,9273200
c,3,0.05,0.2,0.2,0.6,9332941
c,3,0.05,0.2,0.1,0.7,9386520
c,3,0.05,0.2,0.0,0.8,9584448
c,3,0.05,0.3,0.7,0.0,9370396
c,3,0.05,0.3,0.6,0.1,9345136
c,3,0.05,0.3,0.5,0.2,9317261
c,3,0.05,0.3,0.4,0.3,9311897
c,3,0.05,0.3,0.3,0.4,9295032
c,3,0.05,0.3,0.2,0.5,9341697
c,3,0.05,0.3,0.1,0.6,9365469
c,3,0.05,0.3,0.0,0.7,9463563
c,3,0.05,0.4,0.6,0.0,9317095
c,3,0.05,0.4,0.5,0.1,9321094
c,3,0.05,0.4,0.4,0.2,9305337
c,3,0.05,0.4,0.3,0.3,9306553
c,3,0.05,0.4,0.2,0.4,9333291
c,3,0.05,0.4,0.1,0.5,9377087
c,3,0.05,0.4,0.0,0.6,9437894
c,3,0.05,0.5,0.5,0.0,9281994
c,3,0.05,0.5,0.4,0.1,9302665
c,3,0.05,0.5,0.3,0.2,9310929
c,3,0.05,0.5,0.2,0.3,9333586
c,3,0.05,0.5,0.1,0.4,9391901
c,3,0.05,0.5,0.0,0.5,9452067
c,3,0.05,0.6,0.4,0.0,9236640
c,3,0.05,0.6,0.3,0.1,9276577
c,3,0.05,0.6,0.2,0.2,9333305
c,3,0.05,0.6,0.1,0.3,9389310
c,3,0.05,0.6,0.0,0.4,9490888
c,3,0.05,0.7,0.3,0.0,9252448
c,3,0.05,0.7,0.2,0.1,9301719
c,3,0.05,0.7,0.1,0.2,9381092
c,3,0.05,0.7,0.0,0.3,9479468
c,3,0.05,0.8,0.2,0.0,9308892
c,3,0.05,0.8,0.1,0.1,9406678
c,3,0.05,0.8,0.0,0.2,9506225
c,3,0.05,0.9,0.1,0.0,9431251
c,3,0.05,0.9,0.0,0.1,9529678
c,3,0.05,1.0,0.0,0.0,9584682
c,3,0.1,0.0,1.0,0.0,11108964
c,3,0.1,0.0,0.9,0.1,11153176
c,3,0.1,0.0,0.8,0.2,11207537
c,3,0.1,0.0,0.7,0.3,11264065
c,3,0.1,0.0,0.6,0.4,11343051
c,3,0.1,0.0,0.5,0.5,11371985
c,3,0.1,0.0,0.4,0.6,11345503
c,3,0.1,0.0,0.3,0.7,11334267
c,3,0.1,0.0,0.2,0.8,11278929
c,3,0.1,0.0,0.1,0.9,11184879
c,3,0.1,0.0,0.0,1.0,11136475
c,3,0.1,0.1,0.9,0.0,11035837
c,3,0.1,0.1,0.8,0.1,11156777
c,3,0.1,0.1,0.7,0.2,11304365
c,3,0.1,0.1,0.6,0.3,11384545
c,3,0.1,0.1,0.5,0.4,11437398
c,3,0.1,0.1,0.4,0.5,11465553
c,3,0.1,0.1,0.3,0.6,11429159
c,3,0.1,0.1,0.2,0.7,11417943
c,3,0.1,0.1,0.1,0.8,11335290
c,3,0.1,0.1,0.0,0.9,11277793
c,3,0.1,0.2,0.8,0.0,11054734
c,3,0.1,0.2,0.7,0.1,11162624
c,3,0.1,0.2,0.6,0.2,11299877
c,3,0.1,0.2,0.5,0.3,11371908
c,3,0.1,0.2,0.4,0.4,11445623
c,3,0.1,0.2,0.3,0.5,11464337
c,3,0.1,0.2,0.2,0.6,11480149
c,3,0.1,0.2,0.1,0.7,11456222
c,3,0.1,0.2,0.0,0.8,11423430
c,3,0.1,0.3,0.7,0.0,11139050
c,3,0.1,0.3,0.6,0.1,11211543
c,3,0.1,0.3,0.5,0.2,11278074
c,3,0.1,0.3,0.4,0.3,11354905
c,3,0.1,0.3,0.3,0.4,11406590
c,3,0.1,0.3,0.2,0.5,11462712
c,3,0.1,0.3,0.1,0.6,11515570
c,3,0.1,0.3,0.0,0.7,11515606
c,3,0.1,0.4,0.6,0.0,11169391
c,3,0.1,0.4,0.5,0.1,11213361
c,3,0.1,0.4,0.4,0.2,11270871
c,3,0.1,0.4,0.3,0.3,11287884
c,3,0.1,0.4,0.2,0.4,11365333
c,3,0.1,0.4,0.1,0.5,11439719
c,3,0.1,0.4,0.0,0.6,11513847
c,3,0.1,0.5,0.5,0.0,11153464
c,3,0.1,0.5,0.4,0.1,11204589
c,3,0.1,0.5,0.3,0.2,11209423
c,3,0.1,0.5,0.2,0.3,11246662
c,3,0.1,0.5,0.1,0.4,11323994
c,3,0.1,0.5,0.0,0.5,11391232
c,3,0.1,0.6,0.4,0.0,11134686
c,3,0.1,0.6,0.3,0.1,11110029
c,3,0.1,0.6,0.2,0.2,11165718
c,3,0.1,0.6,0.1,0.3,11241437
c,3,0.1,0.6,0.0,0.4,11259995
c,3,0.1,0.7,0.3,0.0,11021730
c,3,0.1,0.7,0.2,0.1,11083912
c,3,0.1,0.7,0.1,0.2,11156801
c,3,0.1,0.7,0.0,0.3,11181433
c,3,0.1,0.8,0.2,0.0,11018842
c,3,0.1,0.8,0.1,0.1,11090135
c,3,0.1,0.8,0.0,0.2,11120695
c,3,0.1,0.9,0.1,0.0,11033372
c,3,0.1,0.9,0.0,0.1,11080147
c,3,0.1,1.0,0.0,0.0,11056397
c,3,0.2,0.0,1.0,0.0,11267833
c,3,0.2,0.0,0.9,0.1,11318064
c,3,0.2,0.0,0.8,0.2,11416287
c,3,0.2,0.0,0.7,0.3,11542542
c,3,0.2,0.0,0.6,0.4,11626135
c,3,0.2,0.0,0.5,0.5,11677246
c,3,0.2,0.0,0.4,0.6,11715622
c,3,0.2,0.0,0.3,0.7,11755126
c,3,0.2,0.0,0.2,0.8,11788701
c,3,0.2,0.0,0.1,0.9,11805253
c,3,0.2,0.0,0.0,1.0,11796016
c,3,0.2,0.1,0.9,0.0,11215534
c,3,0.2,0.1,0.8,0.1,11333689
c,3,0.2,0.1,0.7,0.2,11481829
c,3,0.2,0.1,0.6,0.3,11578051
c,3,0.2,0.1,0.5,0.4,11634493
c,3,0.2,0.1,0.4,0.5,11698337
c,3,0.2,0.1,0.3,0.6,11734392
c,3,0.2,0.1,0.2,0.7,11784431
c,3,0.2,0.1,0.1,0.8,11800847
c,3,0.2,0.1,0.0,0.9,11784683
c,3,0.2,0.2,0.8,0.0,11181420
c,3,0.2,0.2,0.7,0.1,11329504
c,3,0.2,0.2,0.6,0.2,11455412
c,3,0.2,0.2,0.5,0.3,11551768
c,3,0.2,0.2,0.4,0.4,11624467
c,3,0.2,0.2,0.3,0.5,11692382
c,3,0.2,0.2,0.2,0.6,11767547
c,3,0.2,0.2,0.1,0.7,11779870
c,3,0.2,0.2,0.0,0.8,11786974
c,3,0.2,0.3,0.7,0.0,11171905
c,3,0.2,0.3,0.6,0.1,11301545
c,3,0.2,0.3,0.5,0.2,11390902
c,3,0.2,0.3,0.4,0.3,11504229
c,3,0.2,0.3,0.3,0.4,11615938
c,3,0.2,0.3,0.2,0.5,11697617
c,3,0.2,0.3,0.1,0.6,11737530
c,3,0.2,0.3,0.0,0.7,11750831
c,3,0.2,0.4,0.6,0.0,11157544
c,3,0.2,0.4,0.5,0.1,11236471
c,3,0.2,0.4,0.4,0.2,11342245
c,3,0.2,0.4,0.3,0.3,11466961
c,3,0.2,0.4,0.2,0.4,11568528
c,3,0.2,0.4,0.1,0.5,11643453
c,3,0.2,0.4,0.0,0.6,11692298
c,3,0.2,0.5,0.5,0.0,11109707
c,3,0.2,0.5,0.4,0.1,11209771
c,3,0.2,0.5,0.3,0.2,11310562
c,3,0.2,0.5,0.2,0.3,11409351
c,3,0.2,0.5,0.1,0.4,11494590
c,3,0.2,0.5,0.0,0.5,11568291
c,3,0.2,0.6,0.4,0.0,11070858
c,3,0.2,0.6,0.3,0.1,11178376
c,3,0.2,0.6,0.2,0.2,11271467
c,3,0.2,0.6,0.1,0.3,11352188
c,3,0.2,0.6,0.0,0.4,11415920
c,3,0.2,0.7,0.3,0.0,11030201
c,3,0.2,0.7,0.2,0.1,11117766
c,3,0.2,0.7,0.1,0.2,11197171
c,3,0.2,0.7,0.0,0.3,11270483
c,3,0.2,0.8,0.2,0.0,11006766
c,3,0.2,0.8,0.1,0.1,11067209
c,3,0.2,0.8,0.0,0.2,11107090
c,3,0.2,0.9,0.1,0.0,10984864
c,3,0.2,0.9,0.0,0.1,11002755
c,3,0.2,1.0,0.0,0.0,10951883
