task,sigma_s,sigma_r,wb,wg,wr,error
a,1,0.05,0.0,1.0,0.0,7559588
a,1,0.05,0.0,0.9,0.1,7746457
a,1,0.05,0.0,0.8,0.2,7910077
a,1,0.05,0.0,0.7,0.3,7955363
a,1,0.05,0.0,0.6,0.4,7897406
a,1,0.05,0.0,0.5,0.5,7828290
a,1,0.05,0.0,0.4,0.6,7649824
a,1,0.05,0.0,0.3,0.7,7409657
a,1,0.05,0.0,0.2,0.8,7089930
a,1,0.05,0.0,0.1,0.9,6706370
a,1,0.05,0.0,0.0,1.0,6265310
a,1,0.05,0.1,0.9,0.0,7558671
a,1,0.05,0.1,0.8,0.1,7721089
a,1,0.05,0.1,0.7,0.2,7879360
a,1,0.05,0.1,0.6,0.3,7990340
a,1,0.05,0.1,0.5,0.4,7965527
a,1,0.05,0.1,0.4,0.5,7864567
a,1,0.05,0.1,0.3,0.6,7741113
a,1,0.05,0.1,0.2,0.7,7529199
a,1,0.05,0.1,0.1,0.8,7186217
a,1,0.05,0.1,0.0,0.9,6784716
a,1,0.05,0.2,0.8,0.0,7510482
a,1,0.05,0.2,0.7,0.1,7648344
a,1,0.05,0.2,0.6,0.2,7746219
a,1,0.05,0.2,0.5,0.3,7851799
a,1,0.05,0.2,0.4,0.4,7918285
a,1,0.05,0.2,0.3,0.5,7838933
a,1,0.05,0.2,0.2,0.6,7720458
a,1,0.05,0.2,0.1,0.7,7490660
a,1,0.05,0.2,0.0,0.8,7207885
a,1,0.05,0.3,0.7,0.0,7429371
a,1,0.05,0.3,0.6,0.1,7592043
a,1,0.05,0.3,0.5,0.2,7658760
a,1,0.05,0.3,0.4,0.3,7702954
a,1,0.05,0.3,0.3,0.4,7712153
a,1,0.05,0.3,0.2,0.5,7686886
a,1,0.05,0.3,0.1,0.6,7584851
a,1,0.05,0.3,0.0,0.7,7385867
a,1,0.05,0.4,0.6,0.0,7303466
a,1,0.05,0.4,0.5,0.1,7450825
a,1,0.05,0.4,0.4,0.2,7537120
a,1,0.05,0.4,0.3,0.3,7537671
a,1,0.05,0.4,0.2,0.4,7508907
a,1,0.05,0.4,0.1,0.5,7443691
a,1,0.05,0.4,0.0,0.6,7358961
a,1,0.05,0.5,0.5,0.0,7132028
a,1,0.05,0.5,0.4,0.1,7236237
a,1,0.05,0.5,0.3,0.2,7329112
a,1,0.05,0.5,0.2,0.3,7331415
a,1,0.05,0.5,0.1,0.4,7260044
a,1,0.05,0.5,0.0,0.5,7162204
a,1,0.05,0.6,0.4,0.0,6900516
a,1,0.05,0.6,0.3,0.1,7001429
a,1,0.05,0.6,0.2,0.2,7058694
a,1,0.05,0.6,0.1,0.3,7043473
a,1,0.05,0.6,0.0,0.4,6953483
a,1,0.05,0.7,0.3,0.0,6580678
a,1,0.05,0.7,0.2,0.1,6666694
a,1,0.05,0.7,0.1,0.2,6676206
a,1,0.05,0.7,0.0,0.3,6649156
a,1,0.05,0.8,0.2,0.0,6152473
a,1,0.05,0.8,0.1,0.1,6239971
a,1,0.05,0.8,0.0,0.2,6276967
a,1,0.05,0.9,0.1,0.0,5715641
a,1,0.05,0.9,0.0,0.1,5757639
a,1,0.05,1.0,0.0,0.0,5212164
a,1,0.1,0.0,1.0,0.0,5854630
a,1,0.1,0.0,0.9,0.1,5980051
a,1,0.1,0.0,0.8,0.2,6079935
a,1,0.1,0.0,0.7,0.3,6142601
a,1,0.1,0.0,0.6,0.4,6167512
a,1,0.1,0.0,0.5,0.5,6158125
a,1,0.1,0.0,0.4,0.6,6095175
a,1,0.1,0.0,0.3,0.7,6028115
a,1,0.1,0.0,0.2,0.8,5928621
a,1,0.1,0.0,0.1,0.9,5752530
a,1,0.1,0.0,0.0,1.0,5479065
a,1,0.1,0.1,0.9,0.0,5855635
a,1,0.1,0.1,0.8,0.1,5977805
a,1,0.1,0.1,0.7,0.2,6079093
a,1,0.1,0.1,0.6,0.3,6159584
a,1,0.1,0.1,0.5,0.4,6209590
a,1,0.1,0.1,0.4,0.5,6204758
a,1,0.1,0.1,0.3,0.6,6165273
a,1,0.1,0.1,0.2,0.7,6091944
a,1,0.1,0.1,0.1,0.8,5992013
a,1,0.1,0.1,0.0,0.9,5847446
a,1,0.1,0.2,0.8,0.0,5779658
a,1,0.1,0.2,0.7,0.1,5925380
a,1,0.1,0.2,0.6,0.2,6046993
a,1,0.1,0.2,0.5,0.3,6133973
a,1,0.1,0.2,0.4,0.4,6197366
a,1,0.1,0.2,0.3,0.5,6206748
a,1,0.1,0.2,0.2,0.6,6195062
a,1,0.1,0.2,0.1,0.7,6135608
a,1,0.1,0.2,0.0,0.8,6035655
a,1,0.1,0.3,0.7,0.0,5673586
a,1,0.1,0.3,0.6,0.1,5827140
a,1,0.1,0.3,0.5,0.2,5958259
a,1,0.1,0.3,0.4,0.3,6063176
a,1,0.1,0.3,0.3,0.4,6131971
a,1,0.1,0.3,0.2,0.5,6167521
a,1,0.1,0.3,0.1,0.6,6162030
a,1,0.1,0.3,0.0,0.7,6119159
a,1,0.1,0.4,0.6,0.0,5548248
a,1,0.1,0.4,0.5,0.1,5714998
a,1,0.1,0.4,0.4,0.2,5862461
a,1,0.1,0.4,0.3,0.3,5967602
a,1,0.1,0.4,0.2,0.4,6039606
a,1,0.1,0.4,0.1,0.5,6087129
a,1,0.1,0.4,0.0,0.6,6095410
a,1,0.1,0.5,0.5,0.0,5413230
a,1,0.1,0.5,0.4,0.1,5584183
a,1,0.1,0.5,0.3,0.2,5723321
a,1,0.1,0.5,0.2,0.3,5844065
a,1,0.1,0.5,0.1,0.4,5922275
a,1,0.1,0.5,0.0,0.5,5978355
a,1,0.1,0.6,0.4,0.0,5237676
a,1,0.1,0.6,0.3,0.1,5427312
a,1,0.1,0.6,0.2,0.2,5592738
a,1,0.1,0.6,0.1,0.3,5713890
a,1,0.1,0.6,0.0,0.4,5779289
a,1,0.1,0.7,0.3,0.0,5043315
a,1,0.1,0.7,0.2,0.1,5240313
a,1,0.1,0.7,0.1,0.2,5394553
a,1,0.1,0.7,0.0,0.3,5519472
a,1,0.1,0.8,0.2,0.0,4793207
a,1,0.1,0.8,0.1,0.1,4995522
a,1,0.1,0.8,0.0,0.2,5158443
a,1,0.1,0.9,0.1,0.0,4495531
a,1,0.1,0.9,0.0,0.1,4716029
a,1,0.1,1.0,0.0,0.0,4105553
a,1,0.2,0.0,1.0,0.0,5585333
a,1,0.2,0.0,0.9,0.1,5656545
a,1,0.2,0.0,0.8,0.2,5711087
a,1,0.2,0.0,0.7,0.3,5743594
a,1,0.2,0.0,0.6,0.4,5751920
a,1,0.2,0.0,0.5,0.5,5745575
a,1,0.2,0.0,0.4,0.6,5701201
a,1,0.2,0.0,0.3,0.7,5665602
a,1,0.2,0.0,0.2,0.8,5601261
a,1,0.2,0.0,0.1,0.9,5495666
a,1,0.2,0.0,0.0,1.0,5365894
a,1,0.2,0.1,0.9,0.0,5594351
a,1,0.2,0.1,0.8,0.1,5680164
a,1,0.2,0.1,0.7,0.2,5746660
a,1,0.2,0.1,0.6,0.3,5788653
a,1,0.2,0.1,0.5,0.4,5799165
a,1,0.2,0.1,0.4,0.5,5796448
a,1,0.2,0.1,0.3,0.6,5766095
a,1,0.2,0.1,0.2,0.7,5732178
a,1,0.2,0.1,0.1,0.8,5682380
a,1,0.2,0.1,0.0,0.9,5601941
a,1,0.2,0.2,0.8,0.0,5589632
a,1,0.2,0.2,0.7,0.1,5682967
a,1,0.2,0.2,0.6,0.2,5756933
a,1,0.2,0.2,0.5,0.3,5804034
a,1,0.2,0.2,0.4,0.4,5829329
a,1,0.2,0.2,0.3,0.5,5830329
a,1,0.2,0.2,0.2,0.6,5812543
a,1,0.2,0.2,0.1,0.7,5779755
a,1,0.2,0.2,0.0,0.8,5731642
a,1,0.2,0.3,0.7,0.0,5545186
a,1,0.2,0.3,0.6,0.1,5662999
a,1,0.2,0.3,0.5,0.2,5727551
a,1,0.2,0.3,0.4,0.3,5788928
a,1,0.2,0.3,0.3,0.4,5827902
a,1,0.2,0.3,0.2,0.5,5837952
a,1,0.2,0.3,0.1,0.6,5823408
a,1,0.2,0.3,0.0,0.7,5792941
a,1,0.2,0.4,0.6,0.0,5490557
a,1,0.2,0.4,0.5,0.1,5600007
a,1,0.2,0.4,0.4,0.2,5696677
a,1,0.2,0.4,0.3,0.3,5751519
a,1,0.2,0.4,0.2,0.4,5792507
a,1,0.2,0.4,0.1,0.5,5810225
a,1,0.2,0.4,0.0,0.6,5802381
a,1,0.2,0.5,0.5,0.0,5405784
a,1,0.2,0.5,0.4,0.1,5522645
a,1,0.2,0.5,0.3,0.2,5614869
a,1,0.2,0.5,0.2,0.3,5691721
a,1,0.2,0.5,0.1,0.4,5730495
a,1,0.2,0.5,0.0,0.5,5760972
a,1,0.2,0.6,0.4,0.0,5295006
a,1,0.2,0.6,0.3,0.1,5423582
a,1,0.2,0.6,0.2,0.2,5523121
a,1,0.2,0.6,0.1,0.3,5605058
a,1,0.2,0.6,0.0,0.4,5655926
a,1,0.2,0.7,0.3,0.0,5151319
a,1,0.2,0.7,0.2,0.1,5299476
a,1,0.2,0.7,0.1,0.2,5412183
a,1,0.2,0.7,0.0,0.3,5506308
a,1,0.2,0.8,0.2,0.0,4963263
a,1,0.2,0.8,0.1,0.1,5127973
a,1,0.2,0.8,0.0,0.2,5275155
a,1,0.2,0.9,0.1,0.0,4695013
a,1,0.2,0.9,0.0,0.1,4914866
a,1,0.2,1.0,0.0,0.0,4327703
a,2,0.05,0.0,1.0,0.0,11298614
a,2,0.05,0.0,0.9,0.1,11619070
a,2,0.05,0.0,0.8,0.2,11727285
a,2,0.05,0.0,0.7,0.3,11695463
a,2,0.05,0.0,0.6,0.4,11578419
a,2,0.05,0.0,0.5,0.5,11357971
a,2,0.05,0.0,0.4,0.6,11027205
a,2,0.05,0.0,0.3,0.7,10610629
a,2,0.05,0.0,0.2,0.8,10125406
a,2,0.05,0.0,0.1,0.9,9564528
a,2,0.05,0.0,0.0,1.0,9017301
a,2,0.05,0.1,0.9,0.0,10888759
a,2,0.05,0.1,0.8,0.1,11305808
a,2,0.05,0.1,0.7,0.2,11611134
a,2,0.05,0.1,0.6,0.3,11735545
a,2,0.05,0.1,0.5,0.4,11693878
a,2,0.05,0.1,0.4,0.5,11554940
a,2,0.05,0.1,0.3,0.6,11332972
a,2,0.05,0.1,0.2,0.7,10949748
a,2,0.05,0.1,0.1,0.8,10425530
a,2,0.05,0.1,0.0,0.9,9850981
a,2,0.05,0.2,0.8,0.0,10579289
a,2,0.05,0.2,0.7,0.1,10859223
a,2,0.05,0.2,0.6,0.2,11181066
a,2,0.05,0.2,0.5,0.3,11414128
a,2,0.05,0.2,0.4,0.4,11548861
a,2,0.05,0.2,0.3,0.5,11528030
a,2,0.05,0.2,0.2,0.6,11373374
a,2,0.05,0.2,0.1,0.7,11122144
a,2,0.05,0.2,0.0,0.8,10668362
a,2,0.05,0.3,0.7,0.0,10288684
a,2,0.05,0.3,0.6,0.1,10546616
a,2,0.05,0.3,0.5,0.2,10781192
a,2,0.05,0.3,0.4,0.3,10985479
a,2,0.05,0.3,0.3,0.4,11142849
a,2,0.05,0.3,0.2,0.5,11207955
a,2,0.05,0.3,0.1,0.6,11166744
a,2,0.05,0.3,0.0,0.7,11002379
a,2,0.05,0.4,0.6,0.0,10011909
a,2,0.05,0.4,0.5,0.1,10204957
a,2,0.05,0.4,0.4,0.2,10405096
a,2,0.05,0.4,0.3,0.3,10556686
a,2,0.05,0.4,0.2,0.4,10689322
a,2,0.05,0.4,0.1,0.5,10769567
a,2,0.05,0.4,0.0,0.6,10749926
a,2,0.05,0.5,0.5,0.0,9658519
a,2,0.05,0.5,0.4,0.1,9806633
a,2,0.05,0.5,0.3,0.2,9979305
a,2,0.05,0.5,0.2,0.3,10059372
a,2,0.05,0.5,0.1,0.4,10195781
a,2,0.05,0.5,0.0,0.5,10283622
a,2,0.05,0.6,0.4,0.0,9203340
a,2,0.05,0.6,0.3,0.1,9346743
a,2,0.05,0.6,0.2,0.2,9456120
a,2,0.05,0.6,0.1,0.3,9577117
a,2,0.05,0.6,0.0,0.4,9629370
a,2,0.05,0.7,0.3,0.0,8692327
a,2,0.05,0.7,0.2,0.1,8818128
a,2,0.05,0.7,0.1,0.2,8918333
a,2,0.05,0.7,0.0,0.3,8962365
a,2,0.05,0.8,0.2,0.0,8104005
a,2,0.05,0.8,0.1,0.1,8239899
a,2,0.05,0.8,0.0,0.2,8336603
a,2,0.05,0.9,0.1,0.0,7569710
a,2,0.05,0.9,0.0,0.1,7671846
a,2,0.05,1.0,0.0,0.0,7028068
a,2,0.1,0.0,1.0,0.0,10145262
a,2,0.1,0.0,0.9,0.1,10343709
a,2,0.1,0.0,0.8,0.2,10481633
a,2,0.1,0.0,0.7,0.3,10576061
a,2,0.1,0.0,0.6,0.4,10596748
a,2,0.1,0.0,0.5,0.5,10562458
a,2,0.1,0.0,0.4,0.6,10453871
a,2,0.1,0.0,0.3,0.7,10311907
a,2,0.1,0.0,0.2,0.8,10124569
a,2,0.1,0.0,0.1,0.9,9811312
a,2,0.1,0.0,0.0,1.0,9344503
a,2,0.1,0.1,0.9,0.0,10011052
a,2,0.1,0.1,0.8,0.1,10269445
a,2,0.1,0.1,0.7,0.2,10459368
a,2,0.1,0.1,0.6,0.3,10608265
a,2,0.1,0.1,0.5,0.4,10701671
a,2,0.1,0.1,0.4,0.5,10734313
a,2,0.1,0.1,0.3,0.6,10661097
a,2,0.1,0.1,0.2,0.7,10543109
a,2,0.1,0.1,0.1,0.8,10391468
a,2,0.1,0.1,0.0,0.9,10137104
a,2,0.1,0.2,0.8,0.0,9768300
a,2,0.1,0.2,0.7,0.1,10084092
a,2,0.1,0.2,0.6,0.2,10351754
a,2,0.1,0.2,0.5,0.3,10548847
a,2,0.1,0.2,0.4,0.4,10690407
a,2,0.1,0.2,0.3,0.5,10779722
a,2,0.1,0.2,0.2,0.6,10799650
a,2,0.1,0.2,0.1,0.7,10720726
a,2,0.1,0.2,0.0,0.8,10558206
a,2,0.1,0.3,0.7,0.0,9431147
a,2,0.1,0.3,0.6,0.1,9783183
a,2,0.1,0.3,0.5,0.2,10105686
a,2,0.1,0.3,0.4,0.3,10394095
a,2,0.1,0.3,0.3,0.4,10608329
a,2,0.1,0.3,0.2,0.5,10731470
a,2,0.1,0.3,0.1,0.6,10813022
a,2,0.1,0.3,0.0,0.7,10783623
a,2,0.1,0.4,0.6,0.0,9088508
a,2,0.1,0.4,0.5,0.1,9439281
a,2,0.1,0.4,0.4,0.2,9794617
a,2,0.1,0.4,0.3,0.3,10122922
a,2,0.1,0.4,0.2,0.4,10378259
a,2,0.1,0.4,0.1,0.5,10559821
a,2,0.1,0.4,0.0,0.6,10700504
a,2,0.1,0.5,0.5,0.0,8726320
a,2,0.1,0.5,0.4,0.1,9072746
a,2,0.1,0.5,0.3,0.2,9439614
a,2,0.1,0.5,0.2,0.3,9743796
a,2,0.1,0.5,0.1,0.4,10058911
a,2,0.1,0.5,0.0,0.5,10289548
a,2,0.1,0.6,0.4,0.0,8352084
a,2,0.1,0.6,0.3,0.1,8712489
a,2,0.1,0.6,0.2,0.2,9058837
a,2,0.1,0.6,0.1,0.3,9390739
a,2,0.1,0.6,0.0,0.4,9672257
a,2,0.1,0.7,0.3,0.0,7924713
a,2,0.1,0.7,0.2,0.1,8312443
a,2,0.1,0.7,0.1,0.2,8662443
a,2,0.1,0.7,0.0,0.3,8992981
a,2,0.1,0.8,0.2,0.0,7458308
a,2,0.1,0.8,0.1,0.1,7838814
a,2,0.1,0.8,0.0,0.2,8203649
a,2,0.1,0.9,0.1,0.0,6927749
a,2,0.1,0.9,0.0,0.1,7302264
a,2,0.1,1.0,0.0,0.0,6325658
a,2,0.2,0.0,1.0,0.0,10935705
a,2,0.2,0.0,0.9,0.1,11046142
a,2,0.2,0.0,0.8,0.2,11121465
a,2,0.2,0.0,0.7,0.3,11159840
a,2,0.2,0.0,0.6,0.4,11170460
a,2,0.2,0.0,0.5,0.5,11151198
a,2,0.2,0.0,0.4,0.6,11091232
a,2,0.2,0.0,0.3,0.7,10984190
a,2,0.2,0.0,0.2,0.8,10835316
a,2,0.2,0.0,0.1,0.9,10629814
a,2,0.2,0.0,0.0,1.0,10363357
a,2,0.2,0.1,0.9,0.0,10928784
a,2,0.2,0.1,0.8,0.1,11072074
a,2,0.2,0.1,0.7,0.2,11173103
a,2,0.2,0.1,0.6,0.3,11239094
a,2,0.2,0.1,0.5,0.4,11247553
a,2,0.2,0.1,0.4,0.5,11242138
a,2,0.2,0.1,0.3,0.6,11199899
a,2,0.2,0.1,0.2,0.7,11123547
a,2,0.2,0.1,0.1,0.8,10993558
a,2,0.2,0.1,0.0,0.9,10811371
a,2,0.2,0.2,0.8,0.0,10885062
a,2,0.2,0.2,0.7,0.1,11058394
a,2,0.2,0.2,0.6,0.2,11177265
a,2,0.2,0.2,0.5,0.3,11251767
a,2,0.2,0.2,0.4,0.4,11288596
a,2,0.2,0.2,0.3,0.5,11293595
a,2,0.2,0.2,0.2,0.6,11269928
a,2,0.2,0.2,0.1,0.7,11206577
a,2,0.2,0.2,0.0,0.8,11090939
a,2,0.2,0.3,0.7,0.0,10792976
a,2,0.2,0.3,0.6,0.1,10986938
a,2,0.2,0.3,0.5,0.2,11127641
a,2,0.2,0.3,0.4,0.3,11228032
a,2,0.2,0.3,0.3,0.4,11277719
a,2,0.2,0.3,0.2,0.5,11299345
a,2,0.2,0.3,0.1,0.6,11289678
a,2,0.2,0.3,0.0,0.7,11229102
a,2,0.2,0.4,0.6,0.0,10656444
a,2,0.2,0.4,0.5,0.1,10875942
a,2,0.2,0.4,0.4,0.2,11045440
a,2,0.2,0.4,0.3,0.3,11163208
a,2,0.2,0.4,0.2,0.4,11235370
a,2,0.2,0.4,0.1,0.5,11276770
a,2,0.2,0.4,0.0,0.6,11271668
a,2,0.2,0.5,0.5,0.0,10470775
a,2,0.2,0.5,0.4,0.1,10695217
a,2,0.2,0.5,0.3,0.2,10892647
a,2,0.2,0.5,0.2,0.3,11044850
a,2,0.2,0.5,0.1,0.4,11143914
a,2,0.2,0.5,0.0,0.5,11208144
a,2,0.2,0.6,0.4,0.0,10226084
a,2,0.2,0.6,0.3,0.1,10495423
a,2,0.2,0.6,0.2,0.2,10704743
a,2,0.2,0.6,0.1,0.3,10880331
a,2,0.2,0.6,0.0,0.4,10993129
a,2,0.2,0.7,0.3,0.0,9915569
a,2,0.2,0.7,0.2,0.1,10227600
a,2,0.2,0.7,0.1,0.2,10462129
a,2,0.2,0.7,0.0,0.3,10659302
a,2,0.2,0.8,0.2,0.0,9506648
a,2,0.2,0.8,0.1,0.1,9881108
a,2,0.2,0.8,0.0,0.2,10174165
a,2,0.2,0.9,0.1,0.0,8967545
a,2,0.2,0.9,0.0,0.1,9416180
a,2,0.2,1.0,0.0,0.0,8193217
a,3,0.05,0.0,1.0,0.0,14224156
a,3,0.05,0.0,0.9,0.1,14577856
a,3,0.05,0.0,0.8,0.2,14666334
a,3,0.05,0.0,0.7,0.3,14558744
a,3,0.05,0.0,0.6,0.4,14282275
a,3,0.05,0.0,0.5,0.5,13904382
a,3,0.05,0.0,0.4,0.6,13424850
a,3,0.05,0.0,0.3,0.7,12894376
a,3,0.05,0.0,0.2,0.8,12289649
a,3,0.05,0.0,0.1,0.9,11634272
a,3,0.05,0.0,0.0,1.0,11046525
a,3,0.05,0.1,0.9,0.0,13418796
a,3,0.05,0.1,0.8,0.1,14059363
a,3,0.05,0.1,0.7,0.2,14448807
a,3,0.05,0.1,0.6,0.3,14616650
a,3,0.05,0.1,0.5,0.4,14557784
a,3,0.05,0.1,0.4,0.5,14355944
a,3,0.05,0.1,0.3,0.6,14032079
a,3,0.05,0.1,0.2,0.7,13594909
a,3,0.05,0.1,0.1,0.8,12985188
a,3,0.05,0.1,0.0,0.9,12304644
a,3,0.05,0.2,0.8,0.0,12771996
a,3,0.05,0.2,0.7,0.1,13252263
a,3,0.05,0.2,0.6,0.2,13732927
a,3,0.05,0.2,0.5,0.3,14192447
a,3,0.05,0.2,0.4,0.4,14360427
a,3,0.05,0.2,0.3,0.5,14416327
a,3,0.05,0.2,0.2,0.6,14316903
a,3,0.05,0.2,0.1,0.7,13985450
a,3,0.05,0.2,0.0,0.8,13518865
a,3,0.05,0.3,0.7,0.0,12280804
a,3,0.05,0.3,0.6,0.1,12677853
a,3,0.05,0.3,0.5,0.2,13080014
a,3,0.05,0.3,0.4,0.3,13426533
a,3,0.05,0.3,0.3,0.4,13721656
a,3,0.05,0.3,0.2,0.5,13964912
a,3,0.05,0.3,0.1,0.6,14091492
a,3,0.05,0.3,0.0,0.7,13999724
a,3,0.05,0.4,0.6,0.0,11851774
a,3,0.05,0.4,0.5,0.1,12124843
a,3,0.05,0.4,0.4,0.2,12466525
a,3,0.05,0.4,0.3,0.3,12781661
a,3,0.05,0.4,0.2,0.4,13056035
a,3,0.05,0.4,0.1,0.5,13323353
a,3,0.05,0.4,0.0,0.6,13518103
a,3,0.05,0.5,0.5,0.0,11313447
a,3,0.05,0.5,0.4,0.1,11534566
a,3,0.05,0.5,0.3,0.2,11773598
a,3,0.05,0.5,0.2,0.3,12039026
a,3,0.05,0.5,0.1,0.4,12337033
a,3,0.05,0.5,0.0,0.5,12642298
a,3,0.05,0.6,0.4,0.0,10726646
a,3,0.05,0.6,0.3,0.1,10906347
a,3,0.05,0.6,0.2,0.2,11061349
a,3,0.05,0.6,0.1,0.3,11267516
a,3,0.05,0.6,0.0,0.4,11550263
a,3,0.05,0.7,0.3,0.0,10074101
a,3,0.05,0.7,0.2,0.1,10259805
a,3,0.05,0.7,0.1,0.2,10413731
a,3,0.05,0.7,0.0,0.3,10512272
a,3,0.05,0.8,0.2,0.0,9447301
a,3,0.05,0.8,0.1,0.1,9565778
a,3,0.05,0.8,0.0,0.2,9744921
a,3,0.05,0.9,0.1,0.0,8858612
a,3,0.05,0.9,0.0,0.1,8951577
a,3,0.05,1.0,0.0,0.0,8331793
a,3,0.1,0.0,1.0,0.0,13816519
a,3,0.1,0.0,0.9,0.1,14073046
a,3,0.1,0.0,0.8,0.2,14254770
a,3,0.1,0.0,0.7,0.3,14370348
a,3,0.1,0.0,0.6,0.4,14399460
a,3,0.1,0.0,0.5,0.5,14332759
a,3,0.1,0.0,0.4,0.6,14197087
a,3,0.1,0.0,0.3,0.7,13983857
a,3,0.1,0.0,0.2,0.8,13687806
a,3,0.1,0.0,0.1,0.9,13253035
a,3,0.1,0.0,0.0,1.0,12695731
a,3,0.1,0.1,0.9,0.0,13580628
a,3,0.1,0.1,0.8,0.1,13967665
a,3,0.1,0.1,0.7,0.2,14218843
a,3,0.1,0.1,0.6,0.3,14427010
a,3,0.1,0.1,0.5,0.4,14557191
a,3,0.1,0.1,0.4,0.5,14589425
a,3,0.1,0.1,0.3,0.6,14531575
a,3,0.1,0.1,0.2,0.7,14403094
a,3,0.1,0.1,0.1,0.8,14183330
a,3,0.1,0.1,0.0,0.9,13847548
a,3,0.1,0.2,0.8,0.0,13138149
a,3,0.1,0.2,0.7,0.1,13655166
a,3,0.1,0.2,0.6,0.2,14044365
a,3,0.1,0.2,0.5,0.3,14330627
a,3,0.1,0.2,0.4,0.4,14560680
a,3,0.1,0.2,0.3,0.5,14693107
a,3,0.1,0.2,0.2,0.6,14703205
a,3,0.1,0.2,0.1,0.7,14653912
a,3,0.1,0.2,0.0,0.8,14511019
a,3,0.1,0.3,0.7,0.0,12533137
a,3,0.1,0.3,0.6,0.1,13113212
a,3,0.1,0.3,0.5,0.2,13645125
a,3,0.1,0.3,0.4,0.3,14067613
a,3,0.1,0.3,0.3,0.4,14395079
a,3,0.1,0.3,0.2,0.5,14606761
a,3,0.1,0.3,0.1,0.6,14739208
a,3,0.1,0.3,0.0,0.7,14756105
a,3,0.1,0.4,0.6,0.0,11916697
a,3,0.1,0.4,0.5,0.1,12488327
a,3,0.1,0.4,0.4,0.2,13068503
a,3,0.1,0.4,0.3,0.3,13600000
a,3,0.1,0.4,0.2,0.4,14050287
a,3,0.1,0.4,0.1,0.5,14366504
a,3,0.1,0.4,0.0,0.6,14572168
a,3,0.1,0.5,0.5,0.0,11347431
a,3,0.1,0.5,0.4,0.1,11904291
a,3,0.1,0.5,0.3,0.2,12471135
a,3,0.1,0.5,0.2,0.3,13015876
a,3,0.1,0.5,0.1,0.4,13504735
a,3,0.1,0.5,0.0,0.5,13917368
a,3,0.1,0.6,0.4,0.0,10777407
a,3,0.1,0.6,0.3,0.1,11320325
a,3,0.1,0.6,0.2,0.2,11882852
a,3,0.1,0.6,0.1,0.3,12397059
a,3,0.1,0.6,0.0,0.4,12914357
a,3,0.1,0.7,0.3,0.0,10159454
a,3,0.1,0.7,0.2,0.1,10721011
a,3,0.1,0.7,0.1,0.2,11246346
a,3,0.1,0.7,0.0,0.3,11790280
a,3,0.1,0.8,0.2,0.0,9489412
a,3,0.1,0.8,0.1,0.1,10036913
a,3,0.1,0.8,0.0,0.2,10591804
a,3,0.1,0.9,0.1,0.0,8723496
a,3,0.1,0.9,0.0,0.1,9268953
a,3,0.1,1.0,0.0,0.0,7975871
a,3,0.2,0.0,1.0,0.0,15570606
a,3,0.2,0.0,0.9,0.1,15704321
a,3,0.2,0.0,0.8,0.2,15819972
a,3,0.2,0.0,0.7,0.3,15885321
a,3,0.2,0.0,0.6,0.4,15915217
a,3,0.2,0.0,0.5,0.5,15903251
a,3,0.2,0.0,0.4,0.6,15834638
a,3,0.2,0.0,0.3,0.7,15729737
a,3,0.2,0.0,0.2,0.8,15566425
a,3,0.2,0.0,0.1,0.9,15324710
a,3,0.2,0.0,0.0,1.0,14951847
a,3,0.2,0.1,0.9,0.0,15564848
a,3,0.2,0.1,0.8,0.1,15740599
a,3,0.2,0.1,0.7,0.2,15865971
a,3,0.2,0.1,0.6,0.3,15983768
a,3,0.2,0.1,0.5,0.4,16027312
a,3,0.2,0.1,0.4,0.5,16041543
a,3,0.2,0.1,0.3,0.6,16006434
a,3,0.2,0.1,0.2,0.7,15922023
a,3,0.2,0.1,0.1,0.8,15788339
a,3,0.2,0.1,0.0,0.9,15601715
a,3,0.2,0.2,0.8,0.0,15523846
a,3,0.2,0.2,0.7,0.1,15720989
a,3,0.2,0.2,0.6,0.2,15880507
a,3,0.2,0.2,0.5,0.3,16011046
a,3,0.2,0.2,0.4,0.4,16097375
a,3,0.2,0.2,0.3,0.5,16133178
a,3,0.2,0.2,0.2,0.6,16126575
a,3,0.2,0.2,0.1,0.7,16073370
a,3,0.2,0.2,0.0,0.8,15949230
a,3,0.2,0.3,0.7,0.0,15411206
a,3,0.2,0.3,0.6,0.1,15642599
a,3,0.2,0.3,0.5,0.2,15831455
a,3,0.2,0.3,0.4,0.3,15982072
a,3,0.2,0.3,0.3,0.4,16104095
a,3,0.2,0.3,0.2,0.5,16190906
a,3,0.2,0.3,0.1,0.6,16209358
a,3,0.2,0.3,0.0,0.7,16175750
a,3,0.2,0.4,0.6,0.0,15232914
a,3,0.2,0.4,0.5,0.1,15495687
a,3,0.2,0.4,0.4,0.2,15725800
a,3,0.2,0.4,0.3,0.3,15908242
a,3,0.2,0.4,0.2,0.4,16039910
a,3,0.2,0.4,0.1,0.5,16161328
a,3,0.2,0.4,0.0,0.6,16213575
a,3,0.2,0.5,0.5,0.0,14963103
a,3,0.2,0.5,0.4,0.1,15284900
a,3,0.2,0.5,0.3,0.2,15546795
a,3,0.2,0.5,0.2,0.3,15782830
a,3,0.2,0.5,0.1,0.4,15949168
a,3,0.2,0.5,0.0,0.5,16069720
a,3,0.2,0.6,0.4,0.0,14571734
a,3,0.2,0.6,0.3,0.1,14978128
a,3,0.2,0.6,0.2,0.2,15286914
a,3,0.2,0.6,0.1,0.3,15569378
a,3,0.2,0.6,0.0,0.4,15782228
a,3,0.2,0.7,0.3,0.0,14132729
a,3,0.2,0.7,0.2,0.1,14575782
a,3,0.2,0.7,0.1,0.2,14940669
a,3,0.2,0.7,0.0,0.3,15257734
a,3,0.2,0.8,0.2,0.0,13505447
a,3,0.2,0.8,0.1,0.1,14047168
a,3,0.2,0.8,0.0,0.2,14505435
a,3,0.2,0.9,0.1,0.0,12709843
a,3,0.2,0.9,0.0,0.1,13385392
a,3,0.2,1.0,0.0,0.0,11599556
b,1,0.05,0.0,1.0,0.0,27507393
b,1,0.05,0.0,0.9,0.1,27618700
b,1,0.05,0.0,0.8,0.2,27767275
b,1,0.05,0.0,0.7,0.3,27851930
b,1,0.05,0.0,0.6,0.4,27895314
b,1,0.05,0.0,0.5,0.5,27869518
b,1,0.05,0.0,0.4,0.6,27836924
b,1,0.05,0.0,0.3,0.7,27670932
b,1,0.05,0.0,0.2,0.8,27492883
b,1,0.05,0.0,0.1,0.9,27234785
b,1,0.05,0.0,0.0,1.0,26978399
b,1,0.05,0.1,0.9,0.0,27339269
b,1,0.05,0.1,0.8,0.1,27489756
b,1,0.05,0.1,0.7,0.2,27592301
b,1,0.05,0.1,0.6,0.3,27664358
b,1,0.05,0.1,0.5,0.4,27667346
b,1,0.05,0.1,0.4,0.5,27580217
b,1,0.05,0.1,0.3,0.6,27474020
b,1,0.05,0.1,0.2,0.7,27305366
b,1,0.05,0.1,0.1,0.8,27066389
b,1,0.05,0.1,0.0,0.9,26803803
b,1,0.05,0.2,0.8,0.0,27145251
b,1,0.05,0.2,0.7,0.1,27273465
b,1,0.05,0.2,0.6,0.2,27315692
b,1,0.05,0.2,0.5,0.3,27357488
b,1,0.05,0.2,0.4,0.4,27317994
b,1,0.05,0.2,0.3,0.5,27205500
b,1,0.05,0.2,0.2,0.6,27082991
b,1,0.05,0.2,0.1,0.7,26852094
b,1,0.05,0.2,0.0,0.8,26546903
b,1,0.05,0.3,0.7,0.0,26891427
b,1,0.05,0.3,0.6,0.1,26921039
b,1,0.05,0.3,0.5,0.2,26966278
b,1,0.05,0.3,0.4,0.3,26943710
b,1,0.05,0.3,0.3,0.4,26884267
b,1,0.05,0.3,0.2,0.5,26737615
b,1,0.05,0.3,0.1,0.6,26525896
b,1,0.05,0.3,0.0,0.7,26245885
b,1,0.05,0.4,0.6,0.0,26488607
b,1,0.05,0.4,0.5,0.1,26537758
b,1,0.05,0.4,0.4,0.2,26510529
b,1,0.05,0.4,0.3,0.3,26437553
b,1,0.05,0.4,0.2,0.4,26304284
b,1,0.05,0.4,0.1,0.5,26110587
b,1,0.05,0.4,0.0,0.6,25845777
b,1,0.05,0.5,0.5,0.0,25968185
b,1,0.05,0.5,0.4,0.1,25971316
b,1,0.05,0.5,0.3,0.2,25876308
b,1,0.05,0.5,0.2,0.3,25768616
b,1,0.05,0.5,0.1,0.4,25561279
b,1,0.05,0.5,0.0,0.5,25366411
b,1,0.05,0.6,0.4,0.0,25288486
b,1,0.05,0.6,0.3,0.1,25223825
b,1,0.05,0.6,0.2,0.2,25155556
b,1,0.05,0.6,0.1,0.3,24960843
b,1,0.05,0.6,0.0,0.4,24730677
b,1,0.05,0.7,0.3,0.0,24465419
b,1,0.05,0.7,0.2,0.1,24346653
b,1,0.05,0.7,0.1,0.2,24224348
b,1,0.05,0.7,0.0,0.3,23987079
b,1,0.05,0.8,0.2,0.0,23473307
b,1,0.05,0.8,0.1,0.1,23314134
b,1,0.05,0.8,0.0,0.2,23107304
b,1,0.05,0.9,0.1,0.0,22420414
b,1,0.05,0.9,0.0,0.1,22188443
b,1,0.05,1.0,0.0,0.0,21373779
b,1,0.1,0.0,1.0,0.0,19898181
b,1,0.1,0.0,0.9,0.1,20095354
b,1,0.1,0.0,0.8,0.2,20236425
b,1,0.1,0.0,0.7,0.3,20345357
b,1,0.1,0.0,0.6,0.4,20426222
b,1,0.1,0.0,0.5,0.5,20484292
b,1,0.1,0.0,0.4,0.6,20485546
b,1,0.1,0.0,0.3,0.7,20422822
b,1,0.1,0.0,0.2,0.8,20311894
b,1,0.1,0.0,0.1,0.9,20116850
b,1,0.1,0.0,0.0,1.0,19913763
b,1,0.1,0.1,0.9,0.0,19920177
b,1,0.1,0.1,0.8,0.1,20082828
b,1,0.1,0.1,0.7,0.2,20178785
b,1,0.1,0.1,0.6,0.3,20289021
b,1,0.1,0.1,0.5,0.4,20347076
b,1,0.1,0.1,0.4,0.5,20363266
b,1,0.1,0.1,0.3,0.6,20325313
b,1,0.1,0.1,0.2,0.7,20232603
b,1,0.1,0.1,0.1,0.8,20075418
b,1,0.1,0.1,0.0,0.9,19842948
b,1,0.1,0.2,0.8,0.0,19866451
b,1,0.1,0.2,0.7,0.1,19987926
b,1,0.1,0.2,0.6,0.2,20092469
b,1,0.1,0.2,0.5,0.3,20137682
b,1,0.1,0.2,0.4,0.4,20151349
b,1,0.1,0.2,0.3,0.5,20141294
b,1,0.1,0.2,0.2,0.6,20034150
b,1,0.1,0.2,0.1,0.7,19929920
b,1,0.1,0.2,0.0,0.8,19702907
b,1,0.1,0.3,0.7,0.0,19730614
b,1,0.1,0.3,0.6,0.1,19819781
b,1,0.1,0.3,0.5,0.2,19903430
b,1,0.1,0.3,0.4,0.3,19897707
b,1,0.1,0.3,0.3,0.4,19884512
b,1,0.1,0.3,0.2,0.5,19803822
b,1,0.1,0.3,0.1,0.6,19683975
b,1,0.1,0.3,0.0,0.7,19503299
b,1,0.1,0.4,0.6,0.0,19516632
b,1,0.1,0.4,0.5,0.1,19570870
b,1,0.1,0.4,0.4,0.2,19574473
b,1,0.1,0.4,0.3,0.3,19564382
b,1,0.1,0.4,0.2,0.4,19484267
b,1,0.1,0.4,0.1,0.5,19379816
b,1,0.1,0.4,0.0,0.6,19213874
b,1,0.1,0.5,0.5,0.0,19170226
b,1,0.1,0.5,0.4,0.1,19198022
b,1,0.1,0.5,0.3,0.2,19164199
b,1,0.1,0.5,0.2,0.3,19123197
b,1,0.1,0.5,0.1,0.4,18997412
b,1,0.1,0.5,0.0,0.5,18847907
b,1,0.1,0.6,0.4,0.0,18732436
b,1,0.1,0.6,0.3,0.1,18719530
b,1,0.1,0.6,0.2,0.2,18673971
b,1,0.1,0.6,0.1,0.3,18565789
b,1,0.1,0.6,0.0,0.4,18411117
b,1,0.1,0.7,0.3,0.0,18172533
b,1,0.1,0.7,0.2,0.1,18127848
b,1,0.1,0.7,0.1,0.2,18036605
b,1,0.1,0.7,0.0,0.3,17880986
b,1,0.1,0.8,0.2,0.0,17533753
b,1,0.1,0.8,0.1,0.1,17451602
b,1,0.1,0.8,0.0,0.2,17305573
b,1,0.1,0.9,0.1,0.0,16825546
b,1,0.1,0.9,0.0,0.1,16666876
b,1,0.1,1.0,0.0,0.0,16044094
b,1,0.2,0.0,1.0,0.0,13498452
b,1,0.2,0.0,0.9,0.1,13677917
b,1,0.2,0.0,0.8,0.2,13814231
b,1,0.2,0.0,0.7,0.3,13915372
b,1,0.2,0.0,0.6,0.4,13990283
b,1,0.2,0.0,0.5,0.5,14033034
b,1,0.2,0.0,0.4,0.6,14028303
b,1,0.2,0.0,0.3,0.7,14010754
b,1,0.2,0.0,0.2,0.8,13932645
b,1,0.2,0.0,0.1,0.9,13801835
b,1,0.2,0.0,0.0,1.0,13629120
b,1,0.2,0.1,0.9,0.0,13605476
b,1,0.2,0.1,0.8,0.1,13754427
b,1,0.2,0.1,0.7,0.2,13869214
b,1,0.2,0.1,0.6,0.3,13934299
b,1,0.2,0.1,0.5,0.4,13982501
b,1,0.2,0.1,0.4,0.5,13986383
b,1,0.2,0.1,0.3,0.6,13975166
b,1,0.2,0.1,0.2,0.7,13912289
b,1,0.2,0.1,0.1,0.8,13819092
b,1,0.2,0.1,0.0,0.9,13671279
b,1,0.2,0.2,0.8,0.0,13654433
b,1,0.2,0.2,0.7,0.1,13765780
b,1,0.2,0.2,0.6,0.2,13837465
b,1,0.2,0.2,0.5,0.3,13884524
b,1,0.2,0.2,0.4,0.4,13910909
b,1,0.2,0.2,0.3,0.5,13893086
b,1,0.2,0.2,0.2,0.6,13856833
b,1,0.2,0.2,0.1,0.7,13772443
b,1,0.2,0.2,0.0,0.8,13642438
b,1,0.2,0.3,0.7,0.0,13617147
b,1,0.2,0.3,0.6,0.1,13724687
b,1,0.2,0.3,0.5,0.2,13776850
b,1,0.2,0.3,0.4,0.3,13795345
b,1,0.2,0.3,0.3,0.4,13781694
b,1,0.2,0.3,0.2,0.5,13742384
b,1,0.2,0.3,0.1,0.6,13681130
b,1,0.2,0.3,0.0,0.7,13574111
b,1,0.2,0.4,0.6,0.0,13550801
b,1,0.2,0.4,0.5,0.1,13603581
b,1,0.2,0.4,0.4,0.2,13636045
b,1,0.2,0.4,0.3,0.3,13638955
b,1,0.2,0.4,0.2,0.4,13611692
b,1,0.2,0.4,0.1,0.5,13547107
b,1,0.2,0.4,0.0,0.6,13440402
b,1,0.2,0.5,0.5,0.0,13405174
b,1,0.2,0.5,0.4,0.1,13434609
b,1,0.2,0.5,0.3,0.2,13431241
b,1,0.2,0.5,0.2,0.3,13405181
b,1,0.2,0.5,0.1,0.4,13360976
b,1,0.2,0.5,0.0,0.5,13274854
b,1,0.2,0.6,0.4,0.0,13181884
b,1,0.2,0.6,0.3,0.1,13198463
b,1,0.2,0.6,0.2,0.2,13184292
b,1,0.2,0.6,0.1,0.3,13136472
b,1,0.2,0.6,0.0,0.4,13057491
b,1,0.2,0.7,0.3,0.0,12924998
b,1,0.2,0.7,0.2,0.1,12916418
b,1,0.2,0.7,0.1,0.2,12871722
b,1,0.2,0.7,0.0,0.3,12785366
b,1,0.2,0.8,0.2,0.0,12592336
b,1,0.2,0.8,0.1,0.1,12547342
b,1,0.2,0.8,0.0,0.2,12461511
b,1,0.2,0.9,0.1,0.0,12199834
b,1,0.2,0.9,0.0,0.1,12110211
b,1,0.2,1.0,0.0,0.0,11748027
b,2,0.05,0.0,1.0,0.0,36456106
b,2,0.05,0.0,0.9,0.1,36515977
b,2,0.05,0.0,0.8,0.2,36514478
b,2,0.05,0.0,0.7,0.3,36519380
b,2,0.05,0.0,0.6,0.4,36464361
b,2,0.05,0.0,0.5,0.5,36436362
b,2,0.05,0.0,0.4,0.6,36370007
b,2,0.05,0.0,0.3,0.7,36192223
b,2,0.05,0.0,0.2,0.8,35987889
b,2,0.05,0.0,0.1,0.9,35694403
b,2,0.05,0.0,0.0,1.0,35477263
b,2,0.05,0.1,0.9,0.0,35958048
b,2,0.05,0.1,0.8,0.1,35982067
b,2,0.05,0.1,0.7,0.2,36040284
b,2,0.05,0.1,0.6,0.3,36053875
b,2,0.05,0.1,0.5,0.4,36013736
b,2,0.05,0.1,0.4,0.5,35917145
b,2,0.05,0.1,0.3,0.6,35777616
b,2,0.05,0.1,0.2,0.7,35549245
b,2,0.05,0.1,0.1,0.8,35289325
b,2,0.05,0.1,0.0,0.9,35001233
b,2,0.05,0.2,0.8,0.0,35477461
b,2,0.05,0.2,0.7,0.1,35466698
b,2,0.05,0.2,0.6,0.2,35490836
b,2,0.05,0.2,0.5,0.3,35496773
b,2,0.05,0.2,0.4,0.4,35389618
b,2,0.05,0.2,0.3,0.5,35269221
b,2,0.05,0.2,0.2,0.6,35107670
b,2,0.05,0.2,0.1,0.7,34879029
b,2,0.05,0.2,0.0,0.8,34545164
b,2,0.05,0.3,0.7,0.0,34920345
b,2,0.05,0.3,0.6,0.1,34959794
b,2,0.05,0.3,0.5,0.2,34974855
b,2,0.05,0.3,0.4,0.3,34907952
b,2,0.05,0.3,0.3,0.4,34793624
b,2,0.05,0.3,0.2,0.5,34624778
b,2,0.05,0.3,0.1,0.6,34355108
b,2,0.05,0.3,0.0,0.7,34054912
b,2,0.05,0.4,0.6,0.0,34437580
b,2,0.05,0.4,0.5,0.1,34397338
b,2,0.05,0.4,0.4,0.2,34350302
b,2,0.05,0.4,0.3,0.3,34222918
b,2,0.05,0.4,0.2,0.4,34030827
b,2,0.05,0.4,0.1,0.5,33830734
b,2,0.05,0.4,0.0,0.6,33534434
b,2,0.05,0.5,0.5,0.0,33761129
b,2,0.05,0.5,0.4,0.1,33690256
b,2,0.05,0.5,0.3,0.2,33550802
b,2,0.05,0.5,0.2,0.3,33425930
b,2,0.05,0.5,0.1,0.4,33209772
b,2,0.05,0.5,0.0,0.5,32938519
b,2,0.05,0.6,0.4,0.0,33045855
b,2,0.05,0.6,0.3,0.1,32898339
b,2,0.05,0.6,0.2,0.2,32727180
b,2,0.05,0.6,0.1,0.3,32484091
b,2,0.05,0.6,0.0,0.4,32267563
b,2,0.05,0.7,0.3,0.0,32128146
b,2,0.05,0.7,0.2,0.1,31929040
b,2,0.05,0.7,0.1,0.2,31709255
b,2,0.05,0.7,0.0,0.3,31522406
b,2,0.05,0.8,0.2,0.0,31063906
b,2,0.05,0.8,0.1,0.1,30860755
b,2,0.05,0.8,0.0,0.2,30600923
b,2,0.05,0.9,0.1,0.0,29924710
b,2,0.05,0.9,0.0,0.1,29644097
b,2,0.05,1.0,0.0,0.0,28862741
b,2,0.1,0.0,1.0,0.0,30345400
b,2,0.1,0.0,0.9,0.1,30530005
b,2,0.1,0.0,0.8,0.2,30701371
b,2,0.1,0.0,0.7,0.3,30802013
b,2,0.1,0.0,0.6,0.4,30857775
b,2,0.1,0.0,0.5,0.5,30833655
b,2,0.1,0.0,0.4,0.6,30795268
b,2,0.1,0.0,0.3,0.7,30668359
b,2,0.1,0.0,0.2,0.8,30488077
b,2,0.1,0.0,0.1,0.9,30245629
b,2,0.1,0.0,0.0,1.0,29928723
b,2,0.1,0.1,0.9,0.0,30176343
b,2,0.1,0.1,0.8,0.1,30343682
b,2,0.1,0.1,0.7,0.2,30476555
b,2,0.1,0.1,0.6,0.3,30509473
b,2,0.1,0.1,0.5,0.4,30521527
b,2,0.1,0.1,0.4,0.5,30464338
b,2,0.1,0.1,0.3,0.6,30377382
b,2,0.1,0.1,0.2,0.7,30205195
b,2,0.1,0.1,0.1,0.8,29990757
b,2,0.1,0.1,0.0,0.9,29721932
b,2,0.1,0.2,0.8,0.0,29884505
b,2,0.1,0.2,0.7,0.1,30038218
b,2,0.1,0.2,0.6,0.2,30120782
b,2,0.1,0.2,0.5,0.3,30117178
b,2,0.1,0.2,0.4,0.4,30086888
b,2,0.1,0.2,0.3,0.5,29994612
b,2,0.1,0.2,0.2,0.6,29830394
b,2,0.1,0.2,0.1,0.7,29642241
b,2,0.1,0.2,0.0,0.8,29389689
b,2,0.1,0.3,0.7,0.0,29531915
b,2,0.1,0.3,0.6,0.1,29620615
b,2,0.1,0.3,0.5,0.2,29639650
b,2,0.1,0.3,0.4,0.3,29647181
b,2,0.1,0.3,0.3,0.4,29540291
b,2,0.1,0.3,0.2,0.5,29433252
b,2,0.1,0.3,0.1,0.6,29217051
b,2,0.1,0.3,0.0,0.7,28973766
b,2,0.1,0.4,0.6,0.0,29029116
b,2,0.1,0.4,0.5,0.1,29104955
b,2,0.1,0.4,0.4,0.2,29092126
b,2,0.1,0.4,0.3,0.3,29014605
b,2,0.1,0.4,0.2,0.4,28915393
b,2,0.1,0.4,0.1,0.5,28724690
b,2,0.1,0.4,0.0,0.6,28472639
b,2,0.1,0.5,0.5,0.0,28441374
b,2,0.1,0.5,0.4,0.1,28460641
b,2,0.1,0.5,0.3,0.2,28419272
b,2,0.1,0.5,0.2,0.3,28299495
b,2,0.1,0.5,0.1,0.4,28108187
b,2,0.1,0.5,0.0,0.5,27887288
b,2,0.1,0.6,0.4,0.0,27730317
b,2,0.1,0.6,0.3,0.1,27688493
b,2,0.1,0.6,0.2,0.2,27625908
b,2,0.1,0.6,0.1,0.3,27438130
b,2,0.1,0.6,0.0,0.4,27219692
b,2,0.1,0.7,0.3,0.0,26868590
b,2,0.1,0.7,0.2,0.1,26794224
b,2,0.1,0.7,0.1,0.2,26659591
b,2,0.1,0.7,0.0,0.3,26447323
b,2,0.1,0.8,0.2,0.0,25912147
b,2,0.1,0.8,0.1,0.1,25790246
b,2,0.1,0.8,0.0,0.2,25602522
b,2,0.1,0.9,0.1,0.0,24784691
b,2,0.1,0.9,0.0,0.1,24608891
b,2,0.1,1.0,0.0,0.0,23691967
b,2,0.2,0.0,1.0,0.0,23156500
b,2,0.2,0.0,0.9,0.1,23415914
b,2,0.2,0.0,0.8,0.2,23617803
b,2,0.2,0.0,0.7,0.3,23758055
b,2,0.2,0.0,0.6,0.4,23843591
b,2,0.2,0.0,0.5,0.5,23873912
b,2,0.2,0.0,0.4,0.6,23865379
b,2,0.2,0.0,0.3,0.7,23815099
b,2,0.2,0.0,0.2,0.8,23702280
b,2,0.2,0.0,0.1,0.9,23541536
b,2,0.2,0.0,0.0,1.0,23269577
b,2,0.2,0.1,0.9,0.0,23221254
b,2,0.2,0.1,0.8,0.1,23427741
b,2,0.2,0.1,0.7,0.2,23569667
b,2,0.2,0.1,0.6,0.3,23645052
b,2,0.2,0.1,0.5,0.4,23716517
b,2,0.2,0.1,0.4,0.5,23718966
b,2,0.2,0.1,0.3,0.6,23667822
b,2,0.2,0.1,0.2,0.7,23574985
b,2,0.2,0.1,0.1,0.8,23428645
b,2,0.2,0.1,0.0,0.9,23229401
b,2,0.2,0.2,0.8,0.0,23189411
b,2,0.2,0.2,0.7,0.1,23343782
b,2,0.2,0.2,0.6,0.2,23453577
b,2,0.2,0.2,0.5,0.3,23497112
b,2,0.2,0.2,0.4,0.4,23498773
b,2,0.2,0.2,0.3,0.5,23468460
b,2,0.2,0.2,0.2,0.6,23386701
b,2,0.2,0.2,0.1,0.7,23258828
b,2,0.2,0.2,0.0,0.8,23088825
b,2,0.2,0.3,0.7,0.0,23056049
b,2,0.2,0.3,0.6,0.1,23177929
b,2,0.2,0.3,0.5,0.2,23222827
b,2,0.2,0.3,0.4,0.3,23227155
b,2,0.2,0.3,0.3,0.4,23224766
b,2,0.2,0.3,0.2,0.5,23167651
b,2,0.2,0.3,0.1,0.6,23040145
b,2,0.2,0.3,0.0,0.7,22871881
b,2,0.2,0.4,0.6,0.0,22810336
b,2,0.2,0.4,0.5,0.1,22897871
b,2,0.2,0.4,0.4,0.2,22908932
b,2,0.2,0.4,0.3,0.3,22904845
b,2,0.2,0.4,0.2,0.4,22842825
b,2,0.2,0.4,0.1,0.5,22760571
b,2,0.2,0.4,0.0,0.6,22613758
b,2,0.2,0.5,0.5,0.0,22497565
b,2,0.2,0.5,0.4,0.1,22529372
b,2,0.2,0.5,0.3,0.2,22528593
b,2,0.2,0.5,0.2,0.3,22475782
b,2,0.2,0.5,0.1,0.4,22401077
b,2,0.2,0.5,0.0,0.5,22275482
b,2,0.2,0.6,0.4,0.0,22074653
b,2,0.2,0.6,0.3,0.1,22099589
b,2,0.2,0.6,0.2,0.2,22063297
b,2,0.2,0.6,0.1,0.3,21991680
b,2,0.2,0.6,0.0,0.4,21875389
b,2,0.2,0.7,0.3,0.0,21611013
b,2,0.2,0.7,0.2,0.1,21577392
b,2,0.2,0.7,0.1,0.2,21512331
b,2,0.2,0.7,0.0,0.3,21395130
b,2,0.2,0.8,0.2,0.0,21018529
b,2,0.2,0.8,0.1,0.1,20976151
b,2,0.2,0.8,0.0,0.2,20863992
b,2,0.2,0.9,0.1,0.0,20385667
b,2,0.2,0.9,0.0,0.1,20252148
b,2,0.2,1.0,0.0,0.0,19595444
b,3,0.05,0.0,1.0,0.0,40330688
b,3,0.05,0.0,0.9,0.1,40221061
b,3,0.05,0.0,0.8,0.2,40192893
b,3,0.05,0.0,0.7,0.3,40120200
b,3,0.05,0.0,0.6,0.4,40068827
b,3,0.05,0.0,0.5,0.5,39987913
b,3,0.05,0.0,0.4,0.6,39877615
b,3,0.05,0.0,0.3,0.7,39723631
b,3,0.05,0.0,0.2,0.8,39534301
b,3,0.05,0.0,0.1,0.9,39315372
b,3,0.05,0.0,0.0,1.0,39109276
b,3,0.05,0.1,0.9,0.0,39547513
b,3,0.05,0.1,0.8,0.1,39470573
b,3,0.05,0.1,0.7,0.2,39431608
b,3,0.05,0.1,0.6,0.3,39471230
b,3,0.05,0.1,0.5,0.4,39414823
b,3,0.05,0.1,0.4,0.5,39291884
b,3,0.05,0.1,0.3,0.6,39179126
b,3,0.05,0.1,0.2,0.7,39006815
b,3,0.05,0.1,0.1,0.8,38744239
b,3,0.05,0.1,0.0,0.9,38498973
b,3,0.05,0.2,0.8,0.0,38802471
b,3,0.05,0.2,0.7,0.1,38785631
b,3,0.05,0.2,0.6,0.2,38830810
b,3,0.05,0.2,0.5,0.3,38797171
b,3,0.05,0.2,0.4,0.4,38717035
b,3,0.05,0.2,0.3,0.5,38619962
b,3,0.05,0.2,0.2,0.6,38476190
b,3,0.05,0.2,0.1,0.7,38181160
b,3,0.05,0.2,0.0,0.8,37948753
b,3,0.05,0.3,0.7,0.0,38214942
b,3,0.05,0.3,0.6,0.1,38237316
b,3,0.05,0.3,0.5,0.2,38232250
b,3,0.05,0.3,0.4,0.3,38138088
b,3,0.05,0.3,0.3,0.4,38058250
b,3,0.05,0.3,0.2,0.5,37904268
b,3,0.05,0.3,0.1,0.6,37668587
b,3,0.05,0.3,0.0,0.7,37442248
b,3,0.05,0.4,0.6,0.0,37663695
b,3,0.05,0.4,0.5,0.1,37678287
b,3,0.05,0.4,0.4,0.2,37571242
b,3,0.05,0.4,0.3,0.3,37474939
b,3,0.05,0.4,0.2,0.4,37330961
b,3,0.05,0.4,0.1,0.5,37119225
b,3,0.05,0.4,0.0,0.6,36913428
b,3,0.05,0.5,0.5,0.0,37083763
b,3,0.05,0.5,0.4,0.1,37017735
b,3,0.05,0.5,0.3,0.2,36884001
b,3,0.05,0.5,0.2,0.3,36771165
b,3,0.05,0.5,0.1,0.4,36530889
b,3,0.05,0.5,0.0,0.5,36373544
b,3,0.05,0.6,0.4,0.0,36336045
b,3,0.05,0.6,0.3,0.1,36228764
b,3,0.05,0.6,0.2,0.2,36097338
b,3,0.05,0.6,0.1,0.3,35887780
b,3,0.05,0.6,0.0,0.4,35757883
b,3,0.05,0.7,0.3,0.0,35525141
b,3,0.05,0.7,0.2,0.1,35303525
b,3,0.05,0.7,0.1,0.2,35175505
b,3,0.05,0.7,0.0,0.3,34962002
b,3,0.05,0.8,0.2,0.0,34541248
b,3,0.05,0.8,0.1,0.1,34313825
b,3,0.05,0.8,0.0,0.2,34086394
b,3,0.05,0.9,0.1,0.0,33533926
b,3,0.05,0.9,0.0,0.1,33176760
b,3,0.05,1.0,0.0,0.0,32599407
b,3,0.1,0.0,1.0,0.0,36083383
b,3,0.1,0.0,0.9,0.1,36255277
b,3,0.1,0.0,0.8,0.2,36396249
b,3,0.1,0.0,0.7,0.3,36448465
b,3,0.1,0.0,0.6,0.4,36497063
b,3,0.1,0.0,0.5,0.5,36438306
b,3,0.1,0.0,0.4,0.6,36341139
b,3,0.1,0.0,0.3,0.7,36199467
b,3,0.1,0.0,0.2,0.8,35924577
b,3,0.1,0.0,0.1,0.9,35566449
b,3,0.1,0.0,0.0,1.0,35187089
b,3,0.1,0.1,0.9,0.0,35715966
b,3,0.1,0.1,0.8,0.1,35908072
b,3,0.1,0.1,0.7,0.2,36043288
b,3,0.1,0.1,0.6,0.3,36056838
b,3,0.1,0.1,0.5,0.4,36026959
b,3,0.1,0.1,0.4,0.5,35958903
b,3,0.1,0.1,0.3,0.6,35778315
b,3,0.1,0.1,0.2,0.7,35568528
b,3,0.1,0.1,0.1,0.8,35277061
b,3,0.1,0.1,0.0,0.9,34880160
b,3,0.1,0.2,0.8,0.0,35308889
b,3,0.1,0.2,0.7,0.1,35480099
b,3,0.1,0.2,0.6,0.2,35550255
b,3,0.1,0.2,0.5,0.3,35536385
b,3,0.1,0.2,0.4,0.4,35479241
b,3,0.1,0.2,0.3,0.5,35329670
b,3,0.1,0.2,0.2,0.6,35079862
b,3,0.1,0.2,0.1,0.7,34825025
b,3,0.1,0.2,0.0,0.8,34513729
b,3,0.1,0.3,0.7,0.0,34787363
b,3,0.1,0.3,0.6,0.1,34921368
b,3,0.1,0.3,0.5,0.2,34935600
b,3,0.1,0.3,0.4,0.3,34885451
b,3,0.1,0.3,0.3,0.4,34758612
b,3,0.1,0.3,0.2,0.5,34565538
b,3,0.1,0.3,0.1,0.6,34312363
b,3,0.1,0.3,0.0,0.7,34007615
b,3,0.1,0.4,0.6,0.0,34172714
b,3,0.1,0.4,0.5,0.1,34227842
b,3,0.1,0.4,0.4,0.2,34202758
b,3,0.1,0.4,0.3,0.3,34105141
b,3,0.1,0.4,0.2,0.4,33906347
b,3,0.1,0.4,0.1,0.5,33719395
b,3,0.1,0.4,0.0,0.6,33422901
b,3,0.1,0.5,0.5,0.0,33425933
b,3,0.1,0.5,0.4,0.1,33413417
b,3,0.1,0.5,0.3,0.2,33318262
b,3,0.1,0.5,0.2,0.3,33166003
b,3,0.1,0.5,0.1,0.4,32955321
b,3,0.1,0.5,0.0,0.5,32745374
b,3,0.1,0.6,0.4,0.0,32555321
b,3,0.1,0.6,0.3,0.1,32445909
b,3,0.1,0.6,0.2,0.2,32349194
b,3,0.1,0.6,0.1,0.3,32152533
b,3,0.1,0.6,0.0,0.4,31949982
b,3,0.1,0.7,0.3,0.0,31565784
b,3,0.1,0.7,0.2,0.1,31424492
b,3,0.1,0.7,0.1,0.2,31248975
b,3,0.1,0.7,0.0,0.3,31049768
b,3,0.1,0.8,0.2,0.0,30411147
b,3,0.1,0.8,0.1,0.1,30265025
b,3,0.1,0.8,0.0,0.2,30087204
b,3,0.1,0.9,0.1,0.0,29166836
b,3,0.1,0.9,0.0,0.1,29001757
b,3,0.1,1.0,0.0,0.0,27979882
b,3,0.2,0.0,1.0,0.0,29352519
b,3,0.2,0.0,0.9,0.1,29695796
b,3,0.2,0.0,0.8,0.2,29964173
b,3,0.2,0.0,0.7,0.3,30132381
b,3,0.2,0.0,0.6,0.4,30230838
b,3,0.2,0.0,0.5,0.5,30262732
b,3,0.2,0.0,0.4,0.6,30250165
b,3,0.2,0.0,0.3,0.7,30159726
b,3,0.2,0.0,0.2,0.8,30019939
b,3,0.2,0.0,0.1,0.9,29798303
b,3,0.2,0.0,0.0,1.0,29468605
b,3,0.2,0.1,0.9,0.0,29389713
b,3,0.2,0.1,0.8,0.1,29664312
b,3,0.2,0.1,0.7,0.2,29843788
b,3,0.2,0.1,0.6,0.3,29969488
b,3,0.2,0.1,0.5,0.4,30022440
b,3,0.2,0.1,0.4,0.5,30026635
b,3,0.2,0.1,0.3,0.6,29940707
b,3,0.2,0.1,0.2,0.7,29811509
b,3,0.2,0.1,0.1,0.8,29619572
b,3,0.2,0.1,0.0,0.9,29336071
b,3,0.2,0.2,0.8,0.0,29285274
b,3,0.2,0.2,0.7,0.1,29491989
b,3,0.2,0.2,0.6,0.2,29621318
b,3,0.2,0.2,0.5,0.3,29695663
b,3,0.2,0.2,0.4,0.4,29695825
b,3,0.2,0.2,0.3,0.5,29640886
b,3,0.2,0.2,0.2,0.6,29529036
b,3,0.2,0.2,0.1,0.7,29357141
b,3,0.2,0.2,0.0,0.8,29148646
b,3,0.2,0.3,0.7,0.0,29061878
b,3,0.2,0.3,0.6,0.1,29215222
b,3,0.2,0.3,0.5,0.2,29292098
b,3,0.2,0.3,0.4,0.3,29302982
b,3,0.2,0.3,0.3,0.4,29283438
b,3,0.2,0.3,0.2,0.5,29203223
b,3,0.2,0.3,0.1,0.6,29055329
b,3,0.2,0.3,0.0,0.7,28839399
b,3,0.2,0.4,0.6,0.0,28740795
b,3,0.2,0.4,0.5,0.1,28827363
b,3,0.2,0.4,0.4,0.2,28877692
b,3,0.2,0.4,0.3,0.3,28842757
b,3,0.2,0.4,0.2,0.4,28783724
b,3,0.2,0.4,0.1,0.5,28651135
b,3,0.2,0.4,0.0,0.6,28460014
b,3,0.2,0.5,0.5,0.0,28269710
b,3,0.2,0.5,0.4,0.1,28353772
b,3,0.2,0.5,0.3,0.2,28337880
b,3,0.2,0.5,0.2,0.3,28280600
b,3,0.2,0.5,0.1,0.4,28192921
b,3,0.2,0.5,0.0,0.5,28013475
b,3,0.2,0.6,0.4,0.0,27736107
b,3,0.2,0.6,0.3,0.1,27760524
b,3,0.2,0.6,0.2,0.2,27742390
b,3,0.2,0.6,0.1,0.3,27629963
b,3,0.2,0.6,0.0,0.4,27463168
b,3,0.2,0.7,0.3,0.0,27093898
b,3,0.2,0.7,0.2,0.1,27092289
b,3,0.2,0.7,0.1,0.2,27002390
b,3,0.2,0.7,0.0,0.3,26879962
b,3,0.2,0.8,0.2,0.0,26322695
b,3,0.2,0.8,0.1,0.1,26294675
b,3,0.2,0.8,0.0,0.2,26162767
b,3,0.2,0.9,0.1,0.0,25453896
b,3,0.2,0.9,0.0,0.1,25345346
b,3,0.2,1.0,0.0,0.0,24414276
c,1,0.05,0.0,1.0,0.0,11579005
c,1,0.05,0.0,0.9,0.1,11600575
c,1,0.05,0.0,0.8,0.2,11619646
c,1,0.05,0.0,0.7,0.3,11600363
c,1,0.05,0.0,0.6,0.4,11602757
c,1,0.05,0.0,0.5,0.5,11569246
c,1,0.05,0.0,0.4,0.6,11541840
c,1,0.05,0.0,0.3,0.7,11471854
c,1,0.05,0.0,0.2,0.8,11410768
c,1,0.05,0.0,0.1,0.9,11339545
c,1,0.05,0.0,0.0,1.0,11238403
c,1,0.05,0.1,0.9,0.0,11721599
c,1,0.05,0.1,0.8,0.1,11764439
c,1,0.05,0.1,0.7,0.2,11761423
c,1,0.05,0.1,0.6,0.3,11749946
c,1,0.05,0.1,0.5,0.4,11707843
c,1,0.05,0.1,0.4,0.5,11711177
c,1,0.05,0.1,0.3,0.6,11678481
c,1,0.05,0.1,0.2,0.7,11610637
c,1,0.05,0.1,0.1,0.8,11562145
c,1,0.05,0.1,0.0,0.9,11480967
c,1,0.05,0.2,0.8,0.0,11894566
c,1,0.05,0.2,0.7,0.1,11900051
c,1,0.05,0.2,0.6,0.2,11926456
c,1,0.05,0.2,0.5,0.3,11899314
c,1,0.05,0.2,0.4,0.4,11880332
c,1,0.05,0.2,0.3,0.5,11870474
c,1,0.05,0.2,0.2,0.6,11809609
c,1,0.05,0.2,0.1,0.7,11764056
c,1,0.05,0.2,0.0,0.8,11693842
c,1,0.05,0.3,0.7,0.0,12022288
c,1,0.05,0.3,0.6,0.1,12044013
c,1,0.05,0.3,0.5,0.2,12053125
c,1,0.05,0.3,0.4,0.3,12054436
c,1,0.05,0.3,0.3,0.4,12011851
c,1,0.05,0.3,0.2,0.5,11972700
c,1,0.05,0.3,0.1,0.6,11932842
c,1,0.05,0.3,0.0,0.7,11888058
c,1,0.05,0.4,0.6,0.0,12139287
c,1,0.05,0.4,0.5,0.1,12168619
c,1,0.05,0.4,0.4,0.2,12185115
c,1,0.05,0.4,0.3,0.3,12172703
c,1,0.05,0.4,0.2,0.4,12155782
c,1,0.05,0.4,0.1,0.5,12123285
c,1,0.05,0.4,0.0,0.6,12085309
c,1,0.05,0.5,0.5,0.0,12246458
c,1,0.05,0.5,0.4,0.1,12294954
c,1,0.05,0.5,0.3,0.2,12282484
c,1,0.05,0.5,0.2,0.3,12289789
c,1,0.05,0.5,0.1,0.4,12287450
c,1,0.05,0.5,0.0,0.5,12244048
c,1,0.05,0.6,0.4,0.0,12379016
c,1,0.05,0.6,0.3,0.1,12395871
c,1,0.05,0.6,0.2,0.2,12394179
c,1,0.05,0.6,0.1,0.3,12395441
c,1,0.05,0.6,0.0,0.4,12382781
c,1,0.05,0.7,0.3,0.0,12461949
c,1,0.05,0.7,0.2,0.1,12510338
c,1,0.05,0.7,0.1,0.2,12488983
c,1,0.05,0.7,0.0,0.3,12475751
c,1,0.05,0.8,0.2,0.0,12571832
c,1,0.05,0.8,0.1,0.1,12578272
c,1,0.05,0.8,0.0,0.2,12587488
c,1,0.05,0.9,0.1,0.0,12623728
c,1,0.05,0.9,0.0,0.1,12625844
c,1,0.05,1.0,0.0,0.0,12662110
c,1,0.1,0.0,1.0,0.0,10013398
c,1,0.1,0.0,0.9,0.1,10046633
c,1,0.1,0.0,0.8,0.2,10078193
c,1,0.1,0.0,0.7,0.3,10075888
c,1,0.1,0.0,0.6,0.4,10094810
c,1,0.1,0.0,0.5,0.5,10081394
c,1,0.1,0.0,0.4,0.6,10061129
c,1,0.1,0.0,0.3,0.7,10034590
c,1,0.1,0.0,0.2,0.8,9968189
c,1,0.1,0.0,0.1,0.9,9886776
c,1,0.1,0.0,0.0,1.0,9762369
c,1,0.1,0.1,0.9,0.0,10167498
c,1,0.1,0.1,0.8,0.1,10191440
c,1,0.1,0.1,0.7,0.2,10208249
c,1,0.1,0.1,0.6,0.3,10228235
c,1,0.1,0.1,0.5,0.4,10221972
c,1,0.1,0.1,0.4,0.5,10227556
c,1,0.1,0.1,0.3,0.6,10195892
c,1,0.1,0.1,0.2,0.7,10158130
c,1,0.1,0.1,0.1,0.8,10103388
c,1,0.1,0.1,0.0,0.9,9996167
c,1,0.1,0.2,0.8,0.0,10297790
c,1,0.1,0.2,0.7,0.1,10324768
c,1,0.1,0.2,0.6,0.2,10338142
c,1,0.1,0.2,0.5,0.3,10355535
c,1,0.1,0.2,0.4,0.4,10354438
c,1,0.1,0.2,0.3,0.5,10343589
c,1,0.1,0.2,0.2,0.6,10316053
c,1,0.1,0.2,0.1,0.7,10275479
c,1,0.1,0.2,0.0,0.8,10204449
c,1,0.1,0.3,0.7,0.0,10410680
c,1,0.1,0.3,0.6,0.1,10437222
c,1,0.1,0.3,0.5,0.2,10440836
c,1,0.1,0.3,0.4,0.3,10450103
c,1,0.1,0.3,0.3,0.4,10466513
c,1,0.1,0.3,0.2,0.5,10447269
c,1,0.1,0.3,0.1,0.6,10416305
c,1,0.1,0.3,0.0,0.7,10371114
c,1,0.1,0.4,0.6,0.0,10514772
c,1,0.1,0.4,0.5,0.1,10532543
c,1,0.1,0.4,0.4,0.2,10541769
c,1,0.1,0.4,0.3,0.3,10557048
c,1,0.1,0.4,0.2,0.4,10557659
c,1,0.1,0.4,0.1,0.5,10532415
c,1,0.1,0.4,0.0,0.6,10491609
c,1,0.1,0.5,0.5,0.0,10604177
c,1,0.1,0.5,0.4,0.1,10626690
c,1,0.1,0.5,0.3,0.2,10623637
c,1,0.1,0.5,0.2,0.3,10630566
c,1,0.1,0.5,0.1,0.4,10614970
c,1,0.1,0.5,0.0,0.5,10605176
c,1,0.1,0.6,0.4,0.0,10682183
c,1,0.1,0.6,0.3,0.1,10687145
c,1,0.1,0.6,0.2,0.2,10692089
c,1,0.1,0.6,0.1,0.3,10687970
c,1,0.1,0.6,0.0,0.4,10671600
c,1,0.1,0.7,0.3,0.0,10730259
c,1,0.1,0.7,0.2,0.1,10740998
c,1,0.1,0.7,0.1,0.2,10738358
c,1,0.1,0.7,0.0,0.3,10730479
c,1,0.1,0.8,0.2,0.0,10776648
c,1,0.1,0.8,0.1,0.1,10780642
c,1,0.1,0.8,0.0,0.2,10771210
c,1,0.1,0.9,0.1,0.0,10813541
c,1,0.1,0.9,0.0,0.1,10799261
c,1,0.1,1.0,0.0,0.0,10824814
c,1,0.2,0.0,1.0,0.0,7841766
c,1,0.2,0.0,0.9,0.1,7898691
c,1,0.2,0.0,0.8,0.2,7920591
c,1,0.2,0.0,0.7,0.3,7931018
c,1,0.2,0.0,0.6,0.4,7932806
c,1,0.2,0.0,0.5,0.5,7930395
c,1,0.2,0.0,0.4,0.6,7922082
c,1,0.2,0.0,0.3,0.7,7883870
c,1,0.2,0.0,0.2,0.8,7838601
c,1,0.2,0.0,0.1,0.9,7767855
c,1,0.2,0.0,0.0,1.0,7663376
c,1,0.2,0.1,0.9,0.0,7969682
c,1,0.2,0.1,0.8,0.1,8005216
c,1,0.2,0.1,0.7,0.2,8023071
c,1,0.2,0.1,0.6,0.3,8032748
c,1,0.2,0.1,0.5,0.4,8027475
c,1,0.2,0.1,0.4,0.5,8022772
c,1,0.2,0.1,0.3,0.6,8006245
c,1,0.2,0.1,0.2,0.7,7963291
c,1,0.2,0.1,0.1,0.8,7925545
c,1,0.2,0.1,0.0,0.9,7853349
c,1,0.2,0.2,0.8,0.0,8065950
c,1,0.2,0.2,0.7,0.1,8092769
c,1,0.2,0.2,0.6,0.2,8115675
c,1,0.2,0.2,0.5,0.3,8120153
c,1,0.2,0.2,0.4,0.4,8118103
c,1,0.2,0.2,0.3,0.5,8101821
c,1,0.2,0.2,0.2,0.6,8081698
c,1,0.2,0.2,0.1,0.7,8039698
c,1,0.2,0.2,0.0,0.8,7995430
c,1,0.2,0.3,0.7,0.0,8132342
c,1,0.2,0.3,0.6,0.1,8166517
c,1,0.2,0.3,0.5,0.2,8189441
c,1,0.2,0.3,0.4,0.3,8197242
c,1,0.2,0.3,0.3,0.4,8190401
c,1,0.2,0.3,0.2,0.5,8175286
c,1,0.2,0.3,0.1,0.6,8140764
c,1,0.2,0.3,0.0,0.7,8105137
c,1,0.2,0.4,0.6,0.0,8201450
c,1,0.2,0.4,0.5,0.1,8229463
c,1,0.2,0.4,0.4,0.2,8242501
c,1,0.2,0.4,0.3,0.3,8246448
c,1,0.2,0.4,0.2,0.4,8241811
c,1,0.2,0.4,0.1,0.5,8223132
c,1,0.2,0.4,0.0,0.6,8193549
c,1,0.2,0.5,0.5,0.0,8252496
c,1,0.2,0.5,0.4,0.1,8280289
c,1,0.2,0.5,0.3,0.2,8296350
c,1,0.2,0.5,0.2,0.3,8288111
c,1,0.2,0.5,0.1,0.4,8279164
c,1,0.2,0.5,0.0,0.5,8264172
c,1,0.2,0.6,0.4,0.0,8295755
c,1,0.2,0.6,0.3,0.1,8327369
c,1,0.2,0.6,0.2,0.2,8330352
c,1,0.2,0.6,0.1,0.3,8331933
c,1,0.2,0.6,0.0,0.4,8316912
c,1,0.2,0.7,0.3,0.0,8336659
c,1,0.2,0.7,0.2,0.1,8359392
c,1,0.2,0.7,0.1,0.2,8373379
c,1,0.2,0.7,0.0,0.3,8360732
c,1,0.2,0.8,0.2,0.0,8360701
c,1,0.2,0.8,0.1,0.1,8386022
c,1,0.2,0.8,0.0,0.2,8396969
c,1,0.2,0.9,0.1,0.0,8396291
c,1,0.2,0.9,0.0,0.1,8420289
c,1,0.2,1.0,0.0,0.0,8405571
c,2,0.05,0.0,1.0,0.0,14695191
c,2,0.05,0.0,0.9,0.1,14737113
c,2,0.05,0.0,0.8,0.2,14776395
c,2,0.05,0.0,0.7,0.3,14752840
c,2,0.05,0.0,0.6,0.4,14672489
c,2,0.05,0.0,0.5,0.5,14638651
c,2,0.05,0.0,0.4,0.6,14597063
c,2,0.05,0.0,0.3,0.7,14521081
c,2,0.05,0.0,0.2,0.8,14418917
c,2,0.05,0.0,0.1,0.9,14337220
c,2,0.05,0.0,0.0,1.0,14273153
c,2,0.05,0.1,0.9,0.0,14895808
c,2,0.05,0.1,0.8,0.1,14987128
c,2,0.05,0.1,0.7,0.2,14996691
c,2,0.05,0.1,0.6,0.3,14963485
c,2,0.05,0.1,0.5,0.4,14917822
c,2,0.05,0.1,0.4,0.5,14899210
c,2,0.05,0.1,0.3,0.6,14832150
c,2,0.05,0.1,0.2,0.7,14735925
c,2,0.05,0.1,0.1,0.8,14697230
c,2,0.05,0.1,0.0,0.9,14590285
c,2,0.05,0.2,0.8,0.0,15176286
c,2,0.05,0.2,0.7,0.1,15196582
c,2,0.05,0.2,0.6,0.2,15219151
c,2,0.05,0.2,0.5,0.3,15173378
c,2,0.05,0.2,0.4,0.4,15155616
c,2,0.05,0.2,0.3,0.5,15102277
c,2,0.05,0.2,0.2,0.6,15067095
c,2,0.05,0.2,0.1,0.7,14981154
c,2,0.05,0.2,0.0,0.8,14898142
c,2,0.05,0.3,0.7,0.0,15380602
c,2,0.05,0.3,0.6,0.1,15397229
c,2,0.05,0.3,0.5,0.2,15402698
c,2,0.05,0.3,0.4,0.3,15398684
c,2,0.05,0.3,0.3,0.4,15369550
c,2,0.05,0.3,0.2,0.5,15308458
c,2,0.05,0.3,0.1,0.6,15276353
c,2,0.05,0.3,0.0,0.7,15226629
c,2,0.05,0.4,0.6,0.0,15641694
c,2,0.05,0.4,0.5,0.1,15620588
c,2,0.05,0.4,0.4,0.2,15631041
c,2,0.05,0.4,0.3,0.3,15607407
c,2,0.05,0.4,0.2,0.4,15596493
c,2,0.05,0.4,0.1,0.5,15534127
c,2,0.05,0.4,0.0,0.6,15496978
c,2,0.05,0.5,0.5,0.0,15860177
c,2,0.05,0.5,0.4,0.1,15849514
c,2,0.05,0.5,0.3,0.2,15821142
c,2,0.05,0.5,0.2,0.3,15816037
c,2,0.05,0.5,0.1,0.4,15784572
c,2,0.05,0.5,0.0,0.5,15789031
c,2,0.05,0.6,0.4,0.0,16082823
c,2,0.05,0.6,0.3,0.1,16050558
c,2,0.05,0.6,0.2,0.2,16060587
c,2,0.05,0.6,0.1,0.3,16040181
c,2,0.05,0.6,0.0,0.4,16015081
c,2,0.05,0.7,0.3,0.0,16283582
c,2,0.05,0.7,0.2,0.1,16284303
c,2,0.05,0.7,0.1,0.2,16253665
c,2,0.05,0.7,0.0,0.3,16232862
c,2,0.05,0.8,0.2,0.0,16454175
c,2,0.05,0.8,0.1,0.1,16437852
c,2,0.05,0.8,0.0,0.2,16415462
c,2,0.05,0.9,0.1,0.0,16571466
c,2,0.05,0.9,0.0,0.1,16582791
c,2,0.05,1.0,0.0,0.0,16663397
c,2,0.1,0.0,1.0,0.0,13540941
c,2,0.1,0.0,0.9,0.1,13564933
c,2,0.1,0.0,0.8,0.2,13591924
c,2,0.1,0.0,0.7,0.3,13600334
c,2,0.1,0.0,0.6,0.4,13618528
c,2,0.1,0.0,0.5,0.5,13595814
c,2,0.1,0.0,0.4,0.6,13602535
c,2,0.1,0.0,0.3,0.7,13555776
c,2,0.1,0.0,0.2,0.8,13487190
c,2,0.1,0.0,0.1,0.9,13363066
c,2,0.1,0.0,0.0,1.0,13236070
c,2,0.1,0.1,0.9,0.0,13811506
c,2,0.1,0.1,0.8,0.1,13832813
c,2,0.1,0.1,0.7,0.2,13852879
c,2,0.1,0.1,0.6,0.3,13849576
c,2,0.1,0.1,0.5,0.4,13855825
c,2,0.1,0.1,0.4,0.5,13862995
c,2,0.1,0.1,0.3,0.6,13838907
c,2,0.1,0.1,0.2,0.7,13801332
c,2,0.1,0.1,0.1,0.8,13714751
c,2,0.1,0.1,0.0,0.9,13578665
c,2,0.1,0.2,0.8,0.0,14072540
c,2,0.1,0.2,0.7,0.1,14080604
c,2,0.1,0.2,0.6,0.2,14073674
c,2,0.1,0.2,0.5,0.3,14067656
c,2,0.1,0.2,0.4,0.4,14074539
c,2,0.1,0.2,0.3,0.5,14041168
c,2,0.1,0.2,0.2,0.6,14025977
c,2,0.1,0.2,0.1,0.7,13971343
c,2,0.1,0.2,0.0,0.8,13898980
c,2,0.1,0.3,0.7,0.0,14264519
c,2,0.1,0.3,0.6,0.1,14297597
c,2,0.1,0.3,0.5,0.2,14277965
c,2,0.1,0.3,0.4,0.3,14248143
c,2,0.1,0.3,0.3,0.4,14258573
c,2,0.1,0.3,0.2,0.5,14242056
c,2,0.1,0.3,0.1,0.6,14217054
c,2,0.1,0.3,0.0,0.7,14183171
c,2,0.1,0.4,0.6,0.0,14428675
c,2,0.1,0.4,0.5,0.1,14463572
c,2,0.1,0.4,0.4,0.2,14447013
c,2,0.1,0.4,0.3,0.3,14429276
c,2,0.1,0.4,0.2,0.4,14416263
c,2,0.1,0.4,0.1,0.5,14388633
c,2,0.1,0.4,0.0,0.6,14374995
c,2,0.1,0.5,0.5,0.0,14576376
c,2,0.1,0.5,0.4,0.1,14602949
c,2,0.1,0.5,0.3,0.2,14588248
c,2,0.1,0.5,0.2,0.3,14570185
c,2,0.1,0.5,0.1,0.4,14537466
c,2,0.1,0.5,0.0,0.5,14542495
c,2,0.1,0.6,0.4,0.0,14703776
c,2,0.1,0.6,0.3,0.1,14719689
c,2,0.1,0.6,0.2,0.2,14733915
c,2,0.1,0.6,0.1,0.3,14720266
c,2,0.1,0.6,0.0,0.4,14666550
c,2,0.1,0.7,0.3,0.0,14836894
c,2,0.1,0.7,0.2,0.1,14860666
c,2,0.1,0.7,0.1,0.2,14843607
c,2,0.1,0.7,0.0,0.3,14822385
c,2,0.1,0.8,0.2,0.0,14942102
c,2,0.1,0.8,0.1,0.1,14961526
c,2,0.1,0.8,0.0,0.2,14951606
c,2,0.1,0.9,0.1,0.0,15026070
c,2,0.1,0.9,0.0,0.1,15046753
c,2,0.1,1.0,0.0,0.0,15080010
c,2,0.2,0.0,1.0,0.0,11866334
c,2,0.2,0.0,0.9,0.1,11921905
c,2,0.2,0.0,0.8,0.2,11951531
c,2,0.2,0.0,0.7,0.3,11967215
c,2,0.2,0.0,0.6,0.4,11975456
c,2,0.2,0.0,0.5,0.5,11959583
c,2,0.2,0.0,0.4,0.6,11932945
c,2,0.2,0.0,0.3,0.7,11904714
c,2,0.2,0.0,0.2,0.8,11828276
c,2,0.2,0.0,0.1,0.9,11735411
c,2,0.2,0.0,0.0,1.0,11573188
c,2,0.2,0.1,0.9,0.0,12034185
c,2,0.2,0.1,0.8,0.1,12092564
c,2,0.2,0.1,0.7,0.2,12118019
c,2,0.2,0.1,0.6,0.3,12121542
c,2,0.2,0.1,0.5,0.4,12114479
c,2,0.2,0.1,0.4,0.5,12097961
c,2,0.2,0.1,0.3,0.6,12078476
c,2,0.2,0.1,0.2,0.7,12038673
c,2,0.2,0.1,0.1,0.8,11978469
c,2,0.2,0.1,0.0,0.9,11870411
c,2,0.2,0.2,0.8,0.0,12202611
c,2,0.2,0.2,0.7,0.1,12225329
c,2,0.2,0.2,0.6,0.2,12254537
c,2,0.2,0.2,0.5,0.3,12265730
c,2,0.2,0.2,0.4,0.4,12251039
c,2,0.2,0.2,0.3,0.5,12220815
c,2,0.2,0.2,0.2,0.6,12193208
c,2,0.2,0.2,0.1,0.7,12145229
c,2,0.2,0.2,0.0,0.8,12072834
c,2,0.2,0.3,0.7,0.0,12324868
c,2,0.2,0.3,0.6,0.1,12348047
c,2,0.2,0.3,0.5,0.2,12379644
c,2,0.2,0.3,0.4,0.3,12363325
c,2,0.2,0.3,0.3,0.4,12362470
c,2,0.2,0.3,0.2,0.5,12335132
c,2,0.2,0.3,0.1,0.6,12290385
c,2,0.2,0.3,0.0,0.7,12251599
c,2,0.2,0.4,0.6,0.0,12431435
c,2,0.2,0.4,0.5,0.1,12465606
c,2,0.2,0.4,0.4,0.2,12472928
c,2,0.2,0.4,0.3,0.3,12476294
c,2,0.2,0.4,0.2,0.4,12457498
c,2,0.2,0.4,0.1,0.5,12418238
c,2,0.2,0.4,0.0,0.6,12376023
c,2,0.2,0.5,0.5,0.0,12527338
c,2,0.2,0.5,0.4,0.1,12561906
c,2,0.2,0.5,0.3,0.2,12568309
c,2,0.2,0.5,0.2,0.3,12558184
c,2,0.2,0.5,0.1,0.4,12532397
c,2,0.2,0.5,0.0,0.5,12509671
c,2,0.2,0.6,0.4,0.0,12605294
c,2,0.2,0.6,0.3,0.1,12633852
c,2,0.2,0.6,0.2,0.2,12644331
c,2,0.2,0.6,0.1,0.3,12632635
c,2,0.2,0.6,0.0,0.4,12612524
c,2,0.2,0.7,0.3,0.0,12683612
c,2,0.2,0.7,0.2,0.1,12710776
c,2,0.2,0.7,0.1,0.2,12704393
c,2,0.2,0.7,0.0,0.3,12689428
c,2,0.2,0.8,0.2,0.0,12741173
c,2,0.2,0.8,0.1,0.1,12750469
c,2,0.2,0.8,0.0,0.2,12753183
c,2,0.2,0.9,0.1,0.0,12786345
c,2,0.2,0.9,0.0,0.1,12795961
c,2,0.2,1.0,0.0,0.0,12816359
c,3,0.05,0.0,1.0,0.0,16686547
c,3,0.05,0.0,0.9,0.1,16730306
c,3,0.05,0.0,0.8,0.2,16781033
c,3,0.05,0.0,0.7,0.3,16769228
c,3,0.05,0.0,0.6,0.4,16677820
c,3,0.05,0.0,0.5,0.5,16632837
c,3,0.05,0.0,0.4,0.6,16575875
c,3,0.05,0.0,0.3,0.7,16456068
c,3,0.05,0.0,0.2,0.8,16352983
c,3,0.05,0.0,0.1,0.9,16298978
c,3,0.05,0.0,0.0,1.0,16281245
c,3,0.05,0.1,0.9,0.0,16933529
c,3,0.05,0.1,0.8,0.1,17051176
c,3,0.05,0.1,0.7,0.2,17079808
c,3,0.05,0.1,0.6,0.3,17056643
c,3,0.05,0.1,0.5,0.4,17009204
c,3,0.05,0.1,0.4,0.5,16970099
c,3,0.05,0.1,0.3,0.6,16867416
c,3,0.05,0.1,0.2,0.7,16750023
c,3,0.05,0.1,0.1,0.8,16711041
c,3,0.05,0.1,0.0,0.9,16593889
c,3,0.05,0.2,0.8,0.0,17299000
c,3,0.05,0.2,0.7,0.1,17311294
c,3,0.05,0.2,0.6,0.2,17335188
c,3,0.05,0.2,0.5,0.3,17270734
c,3,0.05,0.2,0.4,0.4,17258783
c,3,0.05,0.2,0.3,0.5,17171148
c,3,0.05,0.2,0.2,0.6,17156061
c,3,0.05,0.2,0.1,0.7,17040998
c,3,0.05,0.2,0.0,0.8,16962563
c,3,0.05,0.3,0.7,0.0,17594907
c,3,0.05,0.3,0.6,0.1,17610829
c,3,0.05,0.3,0.5,0.2,17605891
c,3,0.05,0.3,0.4,0.3,17567751
c,3,0.05,0.3,0.3,0.4,17549354
c,3,0.05,0.3,0.2,0.5,17475385
c,3,0.05,0.3,0.1,0.6,17458650
c,3,0.05,0.3,0.0,0.7,17384857
c,3,0.05,0.4,0.6,0.0,17966811
c,3,0.05,0.4,0.5,0.1,17975698
c,3,0.05,0.4,0.4,0.2,17954911
c,3,0.05,0.4,0.3,0.3,17908202
c,3,0.05,0.4,0.2,0.4,17901929
c,3,0.05,0.4,0.1,0.5,17822980
c,3,0.05,0.4,0.0,0.6,17777390
c,3,0.05,0.5,0.5,0.0,18296662
c,3,0.05,0.5,0.4,0.1,18286296
c,3,0.05,0.5,0.3,0.2,18261816
c,3,0.05,0.5,0.2,0.3,18216899
c,3,0.05,0.5,0.1,0.4,18174929
c,3,0.05,0.5,0.0,0.5,18175344
c,3,0.05,0.6,0.4,0.0,18629990
c,3,0.05,0.6,0.3,0.1,18606266
c,3,0.05,0.6,0.2,0.2,18584359
c,3,0.05,0.6,0.1,0.3,18543334
c,3,0.05,0.6,0.0,0.4,18510685
c,3,0.05,0.7,0.3,0.0,18913737
c,3,0.05,0.7,0.2,0.1,18934612
c,3,0.05,0.7,0.1,0.2,18835995
c,3,0.05,0.7,0.0,0.3,18805247
c,3,0.05,0.8,0.2,0.0,19155142
c,3,0.05,0.8,0.1,0.1,19154364
c,3,0.05,0.8,0.0,0.2,19115565
c,3,0.05,0.9,0.1,0.0,19361663
c,3,0.05,0.9,0.0,0.1,19374340
c,3,0.05,1.0,0.0,0.0,19499908
c,3,0.1,0.0,1.0,0.0,16046894
c,3,0.1,0.0,0.9,0.1,16049875
c,3,0.1,0.0,0.8,0.2,16060575
c,3,0.1,0.0,0.7,0.3,16082911
c,3,0.1,0.0,0.6,0.4,16093501
c,3,0.1,0.0,0.5,0.5,16093840
c,3,0.1,0.0,0.4,0.6,16076260
c,3,0.1,0.0,0.3,0.7,16012895
c,3,0.1,0.0,0.2,0.8,15918731
c,3,0.1,0.0,0.1,0.9,15839652
c,3,0.1,0.0,0.0,1.0,15745896
c,3,0.1,0.1,0.9,0.0,16423936
c,3,0.1,0.1,0.8,0.1,16452509
c,3,0.1,0.1,0.7,0.2,16422062
c,3,0.1,0.1,0.6,0.3,16430972
c,3,0.1,0.1,0.5,0.4,16428920
c,3,0.1,0.1,0.4,0.5,16435195
c,3,0.1,0.1,0.3,0.6,16407969
c,3,0.1,0.1,0.2,0.7,16345213
c,3,0.1,0.1,0.1,0.8,16273924
c,3,0.1,0.1,0.0,0.9,16153045
c,3,0.1,0.2,0.8,0.0,16780468
c,3,0.1,0.2,0.7,0.1,16801663
c,3,0.1,0.2,0.6,0.2,16769828
c,3,0.1,0.2,0.5,0.3,16744051
c,3,0.1,0.2,0.4,0.4,16749629
c,3,0.1,0.2,0.3,0.5,16730590
c,3,0.1,0.2,0.2,0.6,16718971
c,3,0.1,0.2,0.1,0.7,16668492
c,3,0.1,0.2,0.0,0.8,16580260
c,3,0.1,0.3,0.7,0.0,17108933
c,3,0.1,0.3,0.6,0.1,17141402
c,3,0.1,0.3,0.5,0.2,17104660
c,3,0.1,0.3,0.4,0.3,17056216
c,3,0.1,0.3,0.3,0.4,17057874
c,3,0.1,0.3,0.2,0.5,17031575
c,3,0.1,0.3,0.1,0.6,17015626
c,3,0.1,0.3,0.0,0.7,16959180
c,3,0.1,0.4,0.6,0.0,17410566
c,3,0.1,0.4,0.5,0.1,17419098
c,3,0.1,0.4,0.4,0.2,17387472
c,3,0.1,0.4,0.3,0.3,17339827
c,3,0.1,0.4,0.2,0.4,17331089
c,3,0.1,0.4,0.1,0.5,17293039
c,3,0.1,0.4,0.0,0.6,17250974
c,3,0.1,0.5,0.5,0.0,17650943
c,3,0.1,0.5,0.4,0.1,17645788
c,3,0.1,0.5,0.3,0.2,17622020
c,3,0.1,0.5,0.2,0.3,17585484
c,3,0.1,0.5,0.1,0.4,17536239
c,3,0.1,0.5,0.0,0.5,17525741
c,3,0.1,0.6,0.4,0.0,17862486
c,3,0.1,0.6,0.3,0.1,17871693
c,3,0.1,0.6,0.2,0.2,17870248
c,3,0.1,0.6,0.1,0.3,17811090
c,3,0.1,0.6,0.0,0.4,17760302
c,3,0.1,0.7,0.3,0.0,18074246
c,3,0.1,0.7,0.2,0.1,18088016
c,3,0.1,0.7,0.1,0.2,18062113
c,3,0.1,0.7,0.0,0.3,18001215
c,3,0.1,0.8,0.2,0.0,18232786
c,3,0.1,0.8,0.1,0.1,18235438
c,3,0.1,0.8,0.0,0.2,18234794
c,3,0.1,0.9,0.1,0.0,18366184
c,3,0.1,0.9,0.0,0.1,18388612
c,3,0.1,1.0,0.0,0.0,18481241
c,3,0.2,0.0,1.0,0.0,15044156
c,3,0.2,0.0,0.9,0.1,15101865
c,3,0.2,0.0,0.8,0.2,15143063
c,3,0.2,0.0,0.7,0.3,15152314
c,3,0.2,0.0,0.6,0.4,15159752
c,3,0.2,0.0,0.5,0.5,15154133
c,3,0.2,0.0,0.4,0.6,15119830
c,3,0.2,0.0,0.3,0.7,15070452
c,3,0.2,0.0,0.2,0.8,15002115
c,3,0.2,0.0,0.1,0.9,14916205
c,3,0.2,0.0,0.0,1.0,14766689
c,3,0.2,0.1,0.9,0.0,15314039
c,3,0.2,0.1,0.8,0.1,15371644
c,3,0.2,0.1,0.7,0.2,15393369
c,3,0.2,0.1,0.6,0.3,15409784
c,3,0.2,0.1,0.5,0.4,15402185
c,3,0.2,0.1,0.4,0.5,15390447
c,3,0.2,0.1,0.3,0.6,15350388
c,3,0.2,0.1,0.2,0.7,15290201
c,3,0.2,0.1,0.1,0.8,15226059
c,3,0.2,0.1,0.0,0.9,15129340
c,3,0.2,0.2,0.8,0.0,15537729
c,3,0.2,0.2,0.7,0.1,15562470
c,3,0.2,0.2,0.6,0.2,15598742
c,3,0.2,0.2,0.5,0.3,15602151
c,3,0.2,0.2,0.4,0.4,15593693
c,3,0.2,0.2,0.3,0.5,15561358
c,3,0.2,0.2,0.2,0.6,15539268
c,3,0.2,0.2,0.1,0.7,15482477
c,3,0.2,0.2,0.0,0.8,15396683
c,3,0.2,0.3,0.7,0.0,15720836
c,3,0.2,0.3,0.6,0.1,15752848
c,3,0.2,0.3,0.5,0.2,15766480
c,3,0.2,0.3,0.4,0.3,15771617
c,3,0.2,0.3,0.3,0.4,15763184
c,3,0.2,0.3,0.2,0.5,15740155
c,3,0.2,0.3,0.1,0.6,15702568
c,3,0.2,0.3,0.0,0.7,15651477
c,3,0.2,0.4,0.6,0.0,15872534
c,3,0.2,0.4,0.5,0.1,15909736
c,3,0.2,0.4,0.4,0.2,15907997
c,3,0.2,0.4,0.3,0.3,15913688
c,3,0.2,0.4,0.2,0.4,15896451
c,3,0.2,0.4,0.1,0.5,15870602
c,3,0.2,0.4,0.0,0.6,15839486
c,3,0.2,0.5,0.5,0.0,16010393
c,3,0.2,0.5,0.4,0.1,16044785
c,3,0.2,0.5,0.3,0.2,16047391
c,3,0.2,0.5,0.2,0.3,16047148
c,3,0.2,0.5,0.1,0.4,16024424
c,3,0.2,0.5,0.0,0.5,15997568
c,3,0.2,0.6,0.4,0.0,16135461
c,3,0.2,0.6,0.3,0.1,16165097
c,3,0.2,0.6,0.2,0.2,16165946
c,3,0.2,0.6,0.1,0.3,16152243
c,3,0.2,0.6,0.0,0.4,16136564
c,3,0.2,0.7,0.3,0.0,16228984
c,3,0.2,0.7,0.2,0.1,16258835
c,3,0.2,0.7,0.1,0.2,16257573
c,3,0.2,0.7,0.0,0.3,16248453
c,3,0.2,0.8,0.2,0.0,16292292
c,3,0.2,0.8,0.1,0.1,16326118
c,3,0.2,0.8,0.0,0.2,16324494
c,3,0.2,0.9,0.1,0.0,16355589
c,3,0.2,0.9,0.0,0.1,16386987
c,3,0.2,1.0,0.0,0.0,16393212
