task,sigma_s,sigma_r,wb,wg,wr,error
a,1,0.05,0.0,1.0,0.0,3005753
a,1,0.05,0.0,0.9,0.1,3220552
a,1,0.05,0.0,0.8,0.2,3420954
a,1,0.05,0.0,0.7,0.3,3555487
a,1,0.05,0.0,0.6,0.4,3610361
a,1,0.05,0.0,0.5,0.5,3541698
a,1,0.05,0.0,0.4,0.6,3371286
a,1,0.05,0.0,0.3,0.7,3145506
a,1,0.05,0.0,0.2,0.8,2857240
a,1,0.05,0.0,0.1,0.9,2520104
a,1,0.05,0.0,0.0,1.0,2211156
a,1,0.05,0.1,0.9,0.0,3116490
a,1,0.05,0.1,0.8,0.1,3319574
a,1,0.05,0.1,0.7,0.2,3502006
a,1,0.05,0.1,0.6,0.3,3602689
a,1,0.05,0.1,0.5,0.4,3619330
a,1,0.05,0.1,0.4,0.5,3496855
a,1,0.05,0.1,0.3,0.6,3294338
a,1,0.05,0.1,0.2,0.7,3041952
a,1,0.05,0.1,0.1,0.8,2734264
a,1,0.05,0.1,0.0,0.9,2434246
a,1,0.05,0.2,0.8,0.0,3139620
a,1,0.05,0.2,0.7,0.1,3318492
a,1,0.05,0.2,0.6,0.2,3428987
a,1,0.05,0.2,0.5,0.3,3448528
a,1,0.05,0.2,0.4,0.4,3418129
a,1,0.05,0.2,0.3,0.5,3308225
a,1,0.05,0.2,0.2,0.6,3114079
a,1,0.05,0.2,0.1,0.7,2899513
a,1,0.05,0.2,0.0,0.8,2617282
a,1,0.05,0.3,0.7,0.0,3015985
a,1,0.05,0.3,0.6,0.1,3144624
a,1,0.05,0.3,0.5,0.2,3202320
a,1,0.05,0.3,0.4,0.3,3215329
a,1,0.05,0.3,0.3,0.4,3173627
a,1,0.05,0.3,0.2,0.5,3073400
a,1,0.05,0.3,0.1,0.6,2882340
a,1,0.05,0.3,0.0,0.7,2710722
a,1,0.05,0.4,0.6,0.0,2820462
a,1,0.05,0.4,0.5,0.1,2929272
a,1,0.05,0.4,0.4,0.2,2960278
a,1,0.05,0.4,0.3,0.3,2978544
a,1,0.05,0.4,0.2,0.4,2928761
a,1,0.05,0.4,0.1,0.5,2840765
a,1,0.05,0.4,0.0,0.6,2676989
a,1,0.05,0.5,0.5,0.0,2626241
a,1,0.05,0.5,0.4,0.1,2695394
a,1,0.05,0.5,0.3,0.2,2732539
a,1,0.05,0.5,0.2,0.3,2739476
a,1,0.05,0.5,0.1,0.4,2698041
a,1,0.05,0.5,0.0,0.5,2591640
a,1,0.05,0.6,0.4,0.0,2434480
a,1,0.05,0.6,0.3,0.1,2488477
a,1,0.05,0.6,0.2,0.2,2518434
a,1,0.05,0.6,0.1,0.3,2526501
a,1,0.05,0.6,0.0,0.4,2468824
a,1,0.05,0.7,0.3,0.0,2258124
a,1,0.05,0.7,0.2,0.1,2320711
a,1,0.05,0.7,0.1,0.2,2338943
a,1,0.05,0.7,0.0,0.3,2310216
a,1,0.05,0.8,0.2,0.0,2099863
a,1,0.05,0.8,0.1,0.1,2136420
a,1,0.05,0.8,0.0,0.2,2133491
a,1,0.05,0.9,0.1,0.0,1933521
a,1,0.05,0.9,0.0,0.1,1969015
a,1,0.05,1.0,0.0,0.0,1744031
a,1,0.1,0.0,1.0,0.0,3062849
a,1,0.1,0.0,0.9,0.1,3202104
a,1,0.1,0.0,0.8,0.2,3300928
a,1,0.1,0.0,0.7,0.3,3353171
a,1,0.1,0.0,0.6,0.4,3361961
a,1,0.1,0.0,0.5,0.5,3337097
a,1,0.1,0.0,0.4,0.6,3271137
a,1,0.1,0.0,0.3,0.7,3166363
a,1,0.1,0.0,0.2,0.8,3011691
a,1,0.1,0.0,0.1,0.9,2803134
a,1,0.1,0.0,0.0,1.0,2501561
a,1,0.1,0.1,0.9,0.0,3120897
a,1,0.1,0.1,0.8,0.1,3263594
a,1,0.1,0.1,0.7,0.2,3324877
a,1,0.1,0.1,0.6,0.3,3367058
a,1,0.1,0.1,0.5,0.4,3369380
a,1,0.1,0.1,0.4,0.5,3332222
a,1,0.1,0.1,0.3,0.6,3242477
a,1,0.1,0.1,0.2,0.7,3114662
a,1,0.1,0.1,0.1,0.8,2949043
a,1,0.1,0.1,0.0,0.9,2733898
a,1,0.1,0.2,0.8,0.0,3111177
a,1,0.1,0.2,0.7,0.1,3249046
a,1,0.1,0.2,0.6,0.2,3294902
a,1,0.1,0.2,0.5,0.3,3337815
a,1,0.1,0.2,0.4,0.4,3319815
a,1,0.1,0.2,0.3,0.5,3271663
a,1,0.1,0.2,0.2,0.6,3159097
a,1,0.1,0.2,0.1,0.7,3012014
a,1,0.1,0.2,0.0,0.8,2830501
a,1,0.1,0.3,0.7,0.0,3071501
a,1,0.1,0.3,0.6,0.1,3161029
a,1,0.1,0.3,0.5,0.2,3205407
a,1,0.1,0.3,0.4,0.3,3236880
a,1,0.1,0.3,0.3,0.4,3201348
a,1,0.1,0.3,0.2,0.5,3132203
a,1,0.1,0.3,0.1,0.6,2996973
a,1,0.1,0.3,0.0,0.7,2868503
a,1,0.1,0.4,0.6,0.0,2962753
a,1,0.1,0.4,0.5,0.1,3021102
a,1,0.1,0.4,0.4,0.2,3066356
a,1,0.1,0.4,0.3,0.3,3079513
a,1,0.1,0.4,0.2,0.4,3034957
a,1,0.1,0.4,0.1,0.5,2953607
a,1,0.1,0.4,0.0,0.6,2836121
a,1,0.1,0.5,0.5,0.0,2816271
a,1,0.1,0.5,0.4,0.1,2865070
a,1,0.1,0.5,0.3,0.2,2865222
a,1,0.1,0.5,0.2,0.3,2863608
a,1,0.1,0.5,0.1,0.4,2823600
a,1,0.1,0.5,0.0,0.5,2739958
a,1,0.1,0.6,0.4,0.0,2627729
a,1,0.1,0.6,0.3,0.1,2672929
a,1,0.1,0.6,0.2,0.2,2649832
a,1,0.1,0.6,0.1,0.3,2653337
a,1,0.1,0.6,0.0,0.4,2586451
a,1,0.1,0.7,0.3,0.0,2398207
a,1,0.1,0.7,0.2,0.1,2461332
a,1,0.1,0.7,0.1,0.2,2448356
a,1,0.1,0.7,0.0,0.3,2413488
a,1,0.1,0.8,0.2,0.0,2186880
a,1,0.1,0.8,0.1,0.1,2210790
a,1,0.1,0.8,0.0,0.2,2204385
a,1,0.1,0.9,0.1,0.0,1944467
a,1,0.1,0.9,0.0,0.1,1951523
a,1,0.1,1.0,0.0,0.0,1654242
a,1,0.2,0.0,1.0,0.0,2951340
a,1,0.2,0.0,0.9,0.1,3019011
a,1,0.2,0.0,0.8,0.2,3063839
a,1,0.2,0.0,0.7,0.3,3087664
a,1,0.2,0.0,0.6,0.4,3089382
a,1,0.2,0.0,0.5,0.5,3076841
a,1,0.2,0.0,0.4,0.6,3049440
a,1,0.2,0.0,0.3,0.7,3003868
a,1,0.2,0.0,0.2,0.8,2936719
a,1,0.2,0.0,0.1,0.9,2831252
a,1,0.2,0.0,0.0,1.0,2672617
a,1,0.2,0.1,0.9,0.0,2984422
a,1,0.2,0.1,0.8,0.1,3031789
a,1,0.2,0.1,0.7,0.2,3075224
a,1,0.2,0.1,0.6,0.3,3088072
a,1,0.2,0.1,0.5,0.4,3089431
a,1,0.2,0.1,0.4,0.5,3074810
a,1,0.2,0.1,0.3,0.6,3035836
a,1,0.2,0.1,0.2,0.7,2990580
a,1,0.2,0.1,0.1,0.8,2908769
a,1,0.2,0.1,0.0,0.9,2800694
a,1,0.2,0.2,0.8,0.0,2994352
a,1,0.2,0.2,0.7,0.1,3040963
a,1,0.2,0.2,0.6,0.2,3061767
a,1,0.2,0.2,0.5,0.3,3083217
a,1,0.2,0.2,0.4,0.4,3078560
a,1,0.2,0.2,0.3,0.5,3054928
a,1,0.2,0.2,0.2,0.6,3015814
a,1,0.2,0.2,0.1,0.7,2959233
a,1,0.2,0.2,0.0,0.8,2869153
a,1,0.2,0.3,0.7,0.0,2969558
a,1,0.2,0.3,0.6,0.1,3017196
a,1,0.2,0.3,0.5,0.2,3038188
a,1,0.2,0.3,0.4,0.3,3047778
a,1,0.2,0.3,0.3,0.4,3044753
a,1,0.2,0.3,0.2,0.5,3015572
a,1,0.2,0.3,0.1,0.6,2965095
a,1,0.2,0.3,0.0,0.7,2893972
a,1,0.2,0.4,0.6,0.0,2942426
a,1,0.2,0.4,0.5,0.1,2971139
a,1,0.2,0.4,0.4,0.2,2983076
a,1,0.2,0.4,0.3,0.3,2993928
a,1,0.2,0.4,0.2,0.4,2977994
a,1,0.2,0.4,0.1,0.5,2948794
a,1,0.2,0.4,0.0,0.6,2885810
a,1,0.2,0.5,0.5,0.0,2877405
a,1,0.2,0.5,0.4,0.1,2904864
a,1,0.2,0.5,0.3,0.2,2911544
a,1,0.2,0.5,0.2,0.3,2908177
a,1,0.2,0.5,0.1,0.4,2890268
a,1,0.2,0.5,0.0,0.5,2840587
a,1,0.2,0.6,0.4,0.0,2780382
a,1,0.2,0.6,0.3,0.1,2816721
a,1,0.2,0.6,0.2,0.2,2817124
a,1,0.2,0.6,0.1,0.3,2801739
a,1,0.2,0.6,0.0,0.4,2755441
a,1,0.2,0.7,0.3,0.0,2666457
a,1,0.2,0.7,0.2,0.1,2682693
a,1,0.2,0.7,0.1,0.2,2682216
a,1,0.2,0.7,0.0,0.3,2643725
a,1,0.2,0.8,0.2,0.0,2490824
a,1,0.2,0.8,0.1,0.1,2510010
a,1,0.2,0.8,0.0,0.2,2474177
a,1,0.2,0.9,0.1,0.0,2254332
a,1,0.2,0.9,0.0,0.1,2247082
a,1,0.2,1.0,0.0,0.0,1868813
a,2,0.05,0.0,1.0,0.0,4733674
a,2,0.05,0.0,0.9,0.1,5197037
a,2,0.05,0.0,0.8,0.2,5618505
a,2,0.05,0.0,0.7,0.3,5909307
a,2,0.05,0.0,0.6,0.4,6040175
a,2,0.05,0.0,0.5,0.5,5945717
a,2,0.05,0.0,0.4,0.6,5538876
a,2,0.05,0.0,0.3,0.7,5001918
a,2,0.05,0.0,0.2,0.8,4462989
a,2,0.05,0.0,0.1,0.9,3856460
a,2,0.05,0.0,0.0,1.0,3274686
a,2,0.05,0.1,0.9,0.0,5002209
a,2,0.05,0.1,0.8,0.1,5418824
a,2,0.05,0.1,0.7,0.2,5743982
a,2,0.05,0.1,0.6,0.3,5936727
a,2,0.05,0.1,0.5,0.4,6025035
a,2,0.05,0.1,0.4,0.5,5850921
a,2,0.05,0.1,0.3,0.6,5390319
a,2,0.05,0.1,0.2,0.7,4866339
a,2,0.05,0.1,0.1,0.8,4249983
a,2,0.05,0.1,0.0,0.9,3617246
a,2,0.05,0.2,0.8,0.0,4951171
a,2,0.05,0.2,0.7,0.1,5328625
a,2,0.05,0.2,0.6,0.2,5495974
a,2,0.05,0.2,0.5,0.3,5625877
a,2,0.05,0.2,0.4,0.4,5604357
a,2,0.05,0.2,0.3,0.5,5460979
a,2,0.05,0.2,0.2,0.6,5016363
a,2,0.05,0.2,0.1,0.7,4521444
a,2,0.05,0.2,0.0,0.8,3978630
a,2,0.05,0.3,0.7,0.0,4698116
a,2,0.05,0.3,0.6,0.1,4906091
a,2,0.05,0.3,0.5,0.2,5015601
a,2,0.05,0.3,0.4,0.3,5105204
a,2,0.05,0.3,0.3,0.4,5078490
a,2,0.05,0.3,0.2,0.5,4871314
a,2,0.05,0.3,0.1,0.6,4495423
a,2,0.05,0.3,0.0,0.7,4154926
a,2,0.05,0.4,0.6,0.0,4303481
a,2,0.05,0.4,0.5,0.1,4469247
a,2,0.05,0.4,0.4,0.2,4564092
a,2,0.05,0.4,0.3,0.3,4611978
a,2,0.05,0.4,0.2,0.4,4560366
a,2,0.05,0.4,0.1,0.5,4356171
a,2,0.05,0.4,0.0,0.6,4102908
a,2,0.05,0.5,0.5,0.0,3944983
a,2,0.05,0.5,0.4,0.1,4114864
a,2,0.05,0.5,0.3,0.2,4176842
a,2,0.05,0.5,0.2,0.3,4168877
a,2,0.05,0.5,0.1,0.4,4087634
a,2,0.05,0.5,0.0,0.5,3910575
a,2,0.05,0.6,0.4,0.0,3661192
a,2,0.05,0.6,0.3,0.1,3815371
a,2,0.05,0.6,0.2,0.2,3812351
a,2,0.05,0.6,0.1,0.3,3831332
a,2,0.05,0.6,0.0,0.4,3730761
a,2,0.05,0.7,0.3,0.0,3382433
a,2,0.05,0.7,0.2,0.1,3539749
a,2,0.05,0.7,0.1,0.2,3574374
a,2,0.05,0.7,0.0,0.3,3549852
a,2,0.05,0.8,0.2,0.0,3172828
a,2,0.05,0.8,0.1,0.1,3262855
a,2,0.05,0.8,0.0,0.2,3310876
a,2,0.05,0.9,0.1,0.0,2986956
a,2,0.05,0.9,0.0,0.1,3069038
a,2,0.05,1.0,0.0,0.0,2805131
a,2,0.1,0.0,1.0,0.0,5317603
a,2,0.1,0.0,0.9,0.1,5600385
a,2,0.1,0.0,0.8,0.2,5782126
a,2,0.1,0.0,0.7,0.3,5901125
a,2,0.1,0.0,0.6,0.4,5926801
a,2,0.1,0.0,0.5,0.5,5874504
a,2,0.1,0.0,0.4,0.6,5738622
a,2,0.1,0.0,0.3,0.7,5508837
a,2,0.1,0.0,0.2,0.8,5206916
a,2,0.1,0.0,0.1,0.9,4800420
a,2,0.1,0.0,0.0,1.0,4323579
a,2,0.1,0.1,0.9,0.0,5396556
a,2,0.1,0.1,0.8,0.1,5665498
a,2,0.1,0.1,0.7,0.2,5830664
a,2,0.1,0.1,0.6,0.3,5908372
a,2,0.1,0.1,0.5,0.4,5939320
a,2,0.1,0.1,0.4,0.5,5870614
a,2,0.1,0.1,0.3,0.6,5671446
a,2,0.1,0.1,0.2,0.7,5443845
a,2,0.1,0.1,0.1,0.8,5104598
a,2,0.1,0.1,0.0,0.9,4696169
a,2,0.1,0.2,0.8,0.0,5358233
a,2,0.1,0.2,0.7,0.1,5596357
a,2,0.1,0.2,0.6,0.2,5729154
a,2,0.1,0.2,0.5,0.3,5826897
a,2,0.1,0.2,0.4,0.4,5814638
a,2,0.1,0.2,0.3,0.5,5753711
a,2,0.1,0.2,0.2,0.6,5548004
a,2,0.1,0.2,0.1,0.7,5267829
a,2,0.1,0.2,0.0,0.8,4892846
a,2,0.1,0.3,0.7,0.0,5233699
a,2,0.1,0.3,0.6,0.1,5429586
a,2,0.1,0.3,0.5,0.2,5540023
a,2,0.1,0.3,0.4,0.3,5624918
a,2,0.1,0.3,0.3,0.4,5576259
a,2,0.1,0.3,0.2,0.5,5481333
a,2,0.1,0.3,0.1,0.6,5242033
a,2,0.1,0.3,0.0,0.7,4948277
a,2,0.1,0.4,0.6,0.0,5048574
a,2,0.1,0.4,0.5,0.1,5171800
a,2,0.1,0.4,0.4,0.2,5251265
a,2,0.1,0.4,0.3,0.3,5284182
a,2,0.1,0.4,0.2,0.4,5240346
a,2,0.1,0.4,0.1,0.5,5107525
a,2,0.1,0.4,0.0,0.6,4877362
a,2,0.1,0.5,0.5,0.0,4729403
a,2,0.1,0.5,0.4,0.1,4826569
a,2,0.1,0.5,0.3,0.2,4859276
a,2,0.1,0.5,0.2,0.3,4866302
a,2,0.1,0.5,0.1,0.4,4822087
a,2,0.1,0.5,0.0,0.5,4668483
a,2,0.1,0.6,0.4,0.0,4342347
a,2,0.1,0.6,0.3,0.1,4453734
a,2,0.1,0.6,0.2,0.2,4420506
a,2,0.1,0.6,0.1,0.3,4452314
a,2,0.1,0.6,0.0,0.4,4359476
a,2,0.1,0.7,0.3,0.0,3951569
a,2,0.1,0.7,0.2,0.1,4035228
a,2,0.1,0.7,0.1,0.2,4022610
a,2,0.1,0.7,0.0,0.3,3994473
a,2,0.1,0.8,0.2,0.0,3572902
a,2,0.1,0.8,0.1,0.1,3603886
a,2,0.1,0.8,0.0,0.2,3613666
a,2,0.1,0.9,0.1,0.0,3172892
a,2,0.1,0.9,0.0,0.1,3208420
a,2,0.1,1.0,0.0,0.0,2799676
a,2,0.2,0.0,1.0,0.0,5353703
a,2,0.2,0.0,0.9,0.1,5462807
a,2,0.2,0.0,0.8,0.2,5542370
a,2,0.2,0.0,0.7,0.3,5591134
a,2,0.2,0.0,0.6,0.4,5578843
a,2,0.2,0.0,0.5,0.5,5575348
a,2,0.2,0.0,0.4,0.6,5516007
a,2,0.2,0.0,0.3,0.7,5418646
a,2,0.2,0.0,0.2,0.8,5292114
a,2,0.2,0.0,0.1,0.9,5101850
a,2,0.2,0.0,0.0,1.0,4825101
a,2,0.2,0.1,0.9,0.0,5382807
a,2,0.2,0.1,0.8,0.1,5511367
a,2,0.2,0.1,0.7,0.2,5569369
a,2,0.2,0.1,0.6,0.3,5586451
a,2,0.2,0.1,0.5,0.4,5586777
a,2,0.2,0.1,0.4,0.5,5566825
a,2,0.2,0.1,0.3,0.6,5473370
a,2,0.2,0.1,0.2,0.7,5392922
a,2,0.2,0.1,0.1,0.8,5259829
a,2,0.2,0.1,0.0,0.9,5074360
a,2,0.2,0.2,0.8,0.0,5401032
a,2,0.2,0.2,0.7,0.1,5500315
a,2,0.2,0.2,0.6,0.2,5534382
a,2,0.2,0.2,0.5,0.3,5562297
a,2,0.2,0.2,0.4,0.4,5553454
a,2,0.2,0.2,0.3,0.5,5524591
a,2,0.2,0.2,0.2,0.6,5451598
a,2,0.2,0.2,0.1,0.7,5352305
a,2,0.2,0.2,0.0,0.8,5204819
a,2,0.2,0.3,0.7,0.0,5390871
a,2,0.2,0.3,0.6,0.1,5461418
a,2,0.2,0.3,0.5,0.2,5469020
a,2,0.2,0.3,0.4,0.3,5500574
a,2,0.2,0.3,0.3,0.4,5499795
a,2,0.2,0.3,0.2,0.5,5452264
a,2,0.2,0.3,0.1,0.6,5355255
a,2,0.2,0.3,0.0,0.7,5242508
a,2,0.2,0.4,0.6,0.0,5289185
a,2,0.2,0.4,0.5,0.1,5364286
a,2,0.2,0.4,0.4,0.2,5394344
a,2,0.2,0.4,0.3,0.3,5402021
a,2,0.2,0.4,0.2,0.4,5390966
a,2,0.2,0.4,0.1,0.5,5334147
a,2,0.2,0.4,0.0,0.6,5237916
a,2,0.2,0.5,0.5,0.0,5169812
a,2,0.2,0.5,0.4,0.1,5225816
a,2,0.2,0.5,0.3,0.2,5256444
a,2,0.2,0.5,0.2,0.3,5263456
a,2,0.2,0.5,0.1,0.4,5226935
a,2,0.2,0.5,0.0,0.5,5149772
a,2,0.2,0.6,0.4,0.0,4987299
a,2,0.2,0.6,0.3,0.1,5089844
a,2,0.2,0.6,0.2,0.2,5068573
a,2,0.2,0.6,0.1,0.3,5065032
a,2,0.2,0.6,0.0,0.4,5001821
a,2,0.2,0.7,0.3,0.0,4774401
a,2,0.2,0.7,0.2,0.1,4832907
a,2,0.2,0.7,0.1,0.2,4841946
a,2,0.2,0.7,0.0,0.3,4789096
a,2,0.2,0.8,0.2,0.0,4490334
a,2,0.2,0.8,0.1,0.1,4504720
a,2,0.2,0.8,0.0,0.2,4475783
a,2,0.2,0.9,0.1,0.0,4075688
a,2,0.2,0.9,0.0,0.1,4043151
a,2,0.2,1.0,0.0,0.0,3396472
a,3,0.05,0.0,1.0,0.0,6075849
a,3,0.05,0.0,0.9,0.1,6720458
a,3,0.05,0.0,0.8,0.2,7299688
a,3,0.05,0.0,0.7,0.3,7786660
a,3,0.05,0.0,0.6,0.4,7985869
a,3,0.05,0.0,0.5,0.5,7818040
a,3,0.05,0.0,0.4,0.6,7227389
a,3,0.05,0.0,0.3,0.7,6454023
a,3,0.05,0.0,0.2,0.8,5691746
a,3,0.05,0.0,0.1,0.9,4896532
a,3,0.05,0.0,0.0,1.0,4179918
a,3,0.05,0.1,0.9,0.0,6420114
a,3,0.05,0.1,0.8,0.1,7010532
a,3,0.05,0.1,0.7,0.2,7459718
a,3,0.05,0.1,0.6,0.3,7817444
a,3,0.05,0.1,0.5,0.4,7963867
a,3,0.05,0.1,0.4,0.5,7712123
a,3,0.05,0.1,0.3,0.6,6968985
a,3,0.05,0.1,0.2,0.7,6307567
a,3,0.05,0.1,0.1,0.8,5444460
a,3,0.05,0.1,0.0,0.9,4579367
a,3,0.05,0.2,0.8,0.0,6333479
a,3,0.05,0.2,0.7,0.1,6901364
a,3,0.05,0.2,0.6,0.2,7050288
a,3,0.05,0.2,0.5,0.3,7328227
a,3,0.05,0.2,0.4,0.4,7361756
a,3,0.05,0.2,0.3,0.5,7162283
a,3,0.05,0.2,0.2,0.6,6552583
a,3,0.05,0.2,0.1,0.7,5807359
a,3,0.05,0.2,0.0,0.8,5074561
a,3,0.05,0.3,0.7,0.0,5895167
a,3,0.05,0.3,0.6,0.1,6262186
a,3,0.05,0.3,0.5,0.2,6324367
a,3,0.05,0.3,0.4,0.3,6594647
a,3,0.05,0.3,0.3,0.4,6609279
a,3,0.05,0.3,0.2,0.5,6326677
a,3,0.05,0.3,0.1,0.6,5694087
a,3,0.05,0.3,0.0,0.7,5306774
a,3,0.05,0.4,0.6,0.0,5334050
a,3,0.05,0.4,0.5,0.1,5554242
a,3,0.05,0.4,0.4,0.2,5774399
a,3,0.05,0.4,0.3,0.3,5880593
a,3,0.05,0.4,0.2,0.4,5880583
a,3,0.05,0.4,0.1,0.5,5631751
a,3,0.05,0.4,0.0,0.6,5253255
a,3,0.05,0.5,0.5,0.0,4850258
a,3,0.05,0.5,0.4,0.1,5129740
a,3,0.05,0.5,0.3,0.2,5147213
a,3,0.05,0.5,0.2,0.3,5282272
a,3,0.05,0.5,0.1,0.4,5227689
a,3,0.05,0.5,0.0,0.5,5019530
a,3,0.05,0.6,0.4,0.0,4535462
a,3,0.05,0.6,0.3,0.1,4827437
a,3,0.05,0.6,0.2,0.2,4671324
a,3,0.05,0.6,0.1,0.3,4860785
a,3,0.05,0.6,0.0,0.4,4791479
a,3,0.05,0.7,0.3,0.0,4226903
a,3,0.05,0.7,0.2,0.1,4482385
a,3,0.05,0.7,0.1,0.2,4507457
a,3,0.05,0.7,0.0,0.3,4522583
a,3,0.05,0.8,0.2,0.0,3995193
a,3,0.05,0.8,0.1,0.1,4136368
a,3,0.05,0.8,0.0,0.2,4233312
a,3,0.05,0.9,0.1,0.0,3835160
a,3,0.05,0.9,0.0,0.1,3940228
a,3,0.05,1.0,0.0,0.0,3654602
a,3,0.1,0.0,1.0,0.0,6962003
a,3,0.1,0.0,0.9,0.1,7366443
a,3,0.1,0.0,0.8,0.2,7653964
a,3,0.1,0.0,0.7,0.3,7812945
a,3,0.1,0.0,0.6,0.4,7884108
a,3,0.1,0.0,0.5,0.5,7815804
a,3,0.1,0.0,0.4,0.6,7609833
a,3,0.1,0.0,0.3,0.7,7266258
a,3,0.1,0.0,0.2,0.8,6820327
a,3,0.1,0.0,0.1,0.9,6273120
a,3,0.1,0.0,0.0,1.0,5594655
a,3,0.1,0.1,0.9,0.0,7038204
a,3,0.1,0.1,0.8,0.1,7450120
a,3,0.1,0.1,0.7,0.2,7694380
a,3,0.1,0.1,0.6,0.3,7845817
a,3,0.1,0.1,0.5,0.4,7886264
a,3,0.1,0.1,0.4,0.5,7776993
a,3,0.1,0.1,0.3,0.6,7528084
a,3,0.1,0.1,0.2,0.7,7187680
a,3,0.1,0.1,0.1,0.8,6697254
a,3,0.1,0.1,0.0,0.9,6141456
a,3,0.1,0.2,0.8,0.0,6989702
a,3,0.1,0.2,0.7,0.1,7340128
a,3,0.1,0.2,0.6,0.2,7565449
a,3,0.1,0.2,0.5,0.3,7697660
a,3,0.1,0.2,0.4,0.4,7722058
a,3,0.1,0.2,0.3,0.5,7611551
a,3,0.1,0.2,0.2,0.6,7342934
a,3,0.1,0.2,0.1,0.7,6940715
a,3,0.1,0.2,0.0,0.8,6441332
a,3,0.1,0.3,0.7,0.0,6824283
a,3,0.1,0.3,0.6,0.1,7088847
a,3,0.1,0.3,0.5,0.2,7270664
a,3,0.1,0.3,0.4,0.3,7420203
a,3,0.1,0.3,0.3,0.4,7406993
a,3,0.1,0.3,0.2,0.5,7241334
a,3,0.1,0.3,0.1,0.6,6913290
a,3,0.1,0.3,0.0,0.7,6513562
a,3,0.1,0.4,0.6,0.0,6534980
a,3,0.1,0.4,0.5,0.1,6753191
a,3,0.1,0.4,0.4,0.2,6879645
a,3,0.1,0.4,0.3,0.3,6948580
a,3,0.1,0.4,0.2,0.4,6894226
a,3,0.1,0.4,0.1,0.5,6708987
a,3,0.1,0.4,0.0,0.6,6390414
a,3,0.1,0.5,0.5,0.0,6101335
a,3,0.1,0.5,0.4,0.1,6269445
a,3,0.1,0.5,0.3,0.2,6333713
a,3,0.1,0.5,0.2,0.3,6351153
a,3,0.1,0.5,0.1,0.4,6289670
a,3,0.1,0.5,0.0,0.5,6092095
a,3,0.1,0.6,0.4,0.0,5532477
a,3,0.1,0.6,0.3,0.1,5733163
a,3,0.1,0.6,0.2,0.2,5735742
a,3,0.1,0.6,0.1,0.3,5790496
a,3,0.1,0.6,0.0,0.4,5688928
a,3,0.1,0.7,0.3,0.0,4982740
a,3,0.1,0.7,0.2,0.1,5133369
a,3,0.1,0.7,0.1,0.2,5188454
a,3,0.1,0.7,0.0,0.3,5162033
a,3,0.1,0.8,0.2,0.0,4479988
a,3,0.1,0.8,0.1,0.1,4547541
a,3,0.1,0.8,0.0,0.2,4593074
a,3,0.1,0.9,0.1,0.0,3967701
a,3,0.1,0.9,0.0,0.1,4026866
a,3,0.1,1.0,0.0,0.0,3569999
a,3,0.2,0.0,1.0,0.0,7119599
a,3,0.2,0.0,0.9,0.1,7286068
a,3,0.2,0.0,0.8,0.2,7390287
a,3,0.2,0.0,0.7,0.3,7452003
a,3,0.2,0.0,0.6,0.4,7467990
a,3,0.2,0.0,0.5,0.5,7445244
a,3,0.2,0.0,0.4,0.6,7363391
a,3,0.2,0.0,0.3,0.7,7261317
a,3,0.2,0.0,0.2,0.8,7086848
a,3,0.2,0.0,0.1,0.9,6829052
a,3,0.2,0.0,0.0,1.0,6455781
a,3,0.2,0.1,0.9,0.0,7180673
a,3,0.2,0.1,0.8,0.1,7326435
a,3,0.2,0.1,0.7,0.2,7421388
a,3,0.2,0.1,0.6,0.3,7471001
a,3,0.2,0.1,0.5,0.4,7478516
a,3,0.2,0.1,0.4,0.5,7441016
a,3,0.2,0.1,0.3,0.6,7358044
a,3,0.2,0.1,0.2,0.7,7227658
a,3,0.2,0.1,0.1,0.8,7046813
a,3,0.2,0.1,0.0,0.9,6760276
a,3,0.2,0.2,0.8,0.0,7181758
a,3,0.2,0.2,0.7,0.1,7321028
a,3,0.2,0.2,0.6,0.2,7390421
a,3,0.2,0.2,0.5,0.3,7439549
a,3,0.2,0.2,0.4,0.4,7428741
a,3,0.2,0.2,0.3,0.5,7387212
a,3,0.2,0.2,0.2,0.6,7286803
a,3,0.2,0.2,0.1,0.7,7138006
a,3,0.2,0.2,0.0,0.8,6947574
a,3,0.2,0.3,0.7,0.0,7134508
a,3,0.2,0.3,0.6,0.1,7254025
a,3,0.2,0.3,0.5,0.2,7306886
a,3,0.2,0.3,0.4,0.3,7348710
a,3,0.2,0.3,0.3,0.4,7339597
a,3,0.2,0.3,0.2,0.5,7278358
a,3,0.2,0.3,0.1,0.6,7162748
a,3,0.2,0.3,0.0,0.7,7006206
a,3,0.2,0.4,0.6,0.0,7023101
a,3,0.2,0.4,0.5,0.1,7125589
a,3,0.2,0.4,0.4,0.2,7180777
a,3,0.2,0.4,0.3,0.3,7205759
a,3,0.2,0.4,0.2,0.4,7185459
a,3,0.2,0.4,0.1,0.5,7117100
a,3,0.2,0.4,0.0,0.6,7002197
a,3,0.2,0.5,0.5,0.0,6848237
a,3,0.2,0.5,0.4,0.1,6946177
a,3,0.2,0.5,0.3,0.2,6979420
a,3,0.2,0.5,0.2,0.3,7006819
a,3,0.2,0.5,0.1,0.4,6982640
a,3,0.2,0.5,0.0,0.5,6894725
a,3,0.2,0.6,0.4,0.0,6611501
a,3,0.2,0.6,0.3,0.1,6722718
a,3,0.2,0.6,0.2,0.2,6735666
a,3,0.2,0.6,0.1,0.3,6745974
a,3,0.2,0.6,0.0,0.4,6681785
a,3,0.2,0.7,0.3,0.0,6311401
a,3,0.2,0.7,0.2,0.1,6406062
a,3,0.2,0.7,0.1,0.2,6423830
a,3,0.2,0.7,0.0,0.3,6391174
a,3,0.2,0.8,0.2,0.0,5938506
a,3,0.2,0.8,0.1,0.1,5992134
a,3,0.2,0.8,0.0,0.2,5978519
a,3,0.2,0.9,0.1,0.0,5402822
a,3,0.2,0.9,0.0,0.1,5409213
a,3,0.2,1.0,0.0,0.0,4523281
b,1,0.05,0.0,1.0,0.0,20379540
b,1,0.05,0.0,0.9,0.1,19062338
b,1,0.05,0.0,0.8,0.2,17928825
b,1,0.05,0.0,0.7,0.3,16864595
b,1,0.05,0.0,0.6,0.4,15917320
b,1,0.05,0.0,0.5,0.5,14989946
b,1,0.05,0.0,0.4,0.6,14079883
b,1,0.05,0.0,0.3,0.7,13175393
b,1,0.05,0.0,0.2,0.8,12325744
b,1,0.05,0.0,0.1,0.9,11425502
b,1,0.05,0.0,0.0,1.0,10627161
b,1,0.05,0.1,0.9,0.0,19290263
b,1,0.05,0.1,0.8,0.1,18122274
b,1,0.05,0.1,0.7,0.2,17110046
b,1,0.05,0.1,0.6,0.3,16194285
b,1,0.05,0.1,0.5,0.4,15309924
b,1,0.05,0.1,0.4,0.5,14360537
b,1,0.05,0.1,0.3,0.6,13528313
b,1,0.05,0.1,0.2,0.7,12649438
b,1,0.05,0.1,0.1,0.8,11680553
b,1,0.05,0.1,0.0,0.9,11013396
b,1,0.05,0.2,0.8,0.0,18320460
b,1,0.05,0.2,0.7,0.1,17298005
b,1,0.05,0.2,0.6,0.2,16348307
b,1,0.05,0.2,0.5,0.3,15438457
b,1,0.05,0.2,0.4,0.4,14589872
b,1,0.05,0.2,0.3,0.5,13669381
b,1,0.05,0.2,0.2,0.6,12910515
b,1,0.05,0.2,0.1,0.7,12005440
b,1,0.05,0.2,0.0,0.8,11287793
b,1,0.05,0.3,0.7,0.0,17523424
b,1,0.05,0.3,0.6,0.1,16565576
b,1,0.05,0.3,0.5,0.2,15613656
b,1,0.05,0.3,0.4,0.3,14830450
b,1,0.05,0.3,0.3,0.4,13942634
b,1,0.05,0.3,0.2,0.5,13158539
b,1,0.05,0.3,0.1,0.6,12260698
b,1,0.05,0.3,0.0,0.7,11595728
b,1,0.05,0.4,0.6,0.0,16639918
b,1,0.05,0.4,0.5,0.1,15817184
b,1,0.05,0.4,0.4,0.2,15065679
b,1,0.05,0.4,0.3,0.3,14179843
b,1,0.05,0.4,0.2,0.4,13455443
b,1,0.05,0.4,0.1,0.5,12556367
b,1,0.05,0.4,0.0,0.6,11851997
b,1,0.05,0.5,0.5,0.0,16006226
b,1,0.05,0.5,0.4,0.1,15176254
b,1,0.05,0.5,0.3,0.2,14339976
b,1,0.05,0.5,0.2,0.3,13596220
b,1,0.05,0.5,0.1,0.4,12801495
b,1,0.05,0.5,0.0,0.5,12129497
b,1,0.05,0.6,0.4,0.0,15413685
b,1,0.05,0.6,0.3,0.1,14575565
b,1,0.05,0.6,0.2,0.2,13816701
b,1,0.05,0.6,0.1,0.3,13050042
b,1,0.05,0.6,0.0,0.4,12304947
b,1,0.05,0.7,0.3,0.0,14694512
b,1,0.05,0.7,0.2,0.1,13986576
b,1,0.05,0.7,0.1,0.2,13282650
b,1,0.05,0.7,0.0,0.3,12516197
b,1,0.05,0.8,0.2,0.0,14122008
b,1,0.05,0.8,0.1,0.1,13417366
b,1,0.05,0.8,0.0,0.2,12665713
b,1,0.05,0.9,0.1,0.0,13527242
b,1,0.05,0.9,0.0,0.1,12844874
b,1,0.05,1.0,0.0,0.0,13054938
b,1,0.1,0.0,1.0,0.0,26891728
b,1,0.1,0.0,0.9,0.1,25819649
b,1,0.1,0.0,0.8,0.2,24677873
b,1,0.1,0.0,0.7,0.3,23432102
b,1,0.1,0.0,0.6,0.4,22444944
b,1,0.1,0.0,0.5,0.5,21254639
b,1,0.1,0.0,0.4,0.6,20070158
b,1,0.1,0.0,0.3,0.7,19002556
b,1,0.1,0.0,0.2,0.8,17778492
b,1,0.1,0.0,0.1,0.9,16588159
b,1,0.1,0.0,0.0,1.0,15380910
b,1,0.1,0.1,0.9,0.0,26100307
b,1,0.1,0.1,0.8,0.1,24924888
b,1,0.1,0.1,0.7,0.2,23770770
b,1,0.1,0.1,0.6,0.3,22643768
b,1,0.1,0.1,0.5,0.4,21608587
b,1,0.1,0.1,0.4,0.5,20403338
b,1,0.1,0.1,0.3,0.6,19299296
b,1,0.1,0.1,0.2,0.7,18157095
b,1,0.1,0.1,0.1,0.8,16963971
b,1,0.1,0.1,0.0,0.9,15796269
b,1,0.1,0.2,0.8,0.0,25238891
b,1,0.1,0.2,0.7,0.1,24038295
b,1,0.1,0.2,0.6,0.2,22928644
b,1,0.1,0.2,0.5,0.3,21856443
b,1,0.1,0.2,0.4,0.4,20712245
b,1,0.1,0.2,0.3,0.5,19582278
b,1,0.1,0.2,0.2,0.6,18529994
b,1,0.1,0.2,0.1,0.7,17321923
b,1,0.1,0.2,0.0,0.8,16211052
b,1,0.1,0.3,0.7,0.0,24376905
b,1,0.1,0.3,0.6,0.1,23252657
b,1,0.1,0.3,0.5,0.2,22100319
b,1,0.1,0.3,0.4,0.3,21097642
b,1,0.1,0.3,0.3,0.4,19856719
b,1,0.1,0.3,0.2,0.5,18759772
b,1,0.1,0.3,0.1,0.6,17648743
b,1,0.1,0.3,0.0,0.7,16523164
b,1,0.1,0.4,0.6,0.0,23490842
b,1,0.1,0.4,0.5,0.1,22365881
b,1,0.1,0.4,0.4,0.2,21372887
b,1,0.1,0.4,0.3,0.3,20186207
b,1,0.1,0.4,0.2,0.4,19075502
b,1,0.1,0.4,0.1,0.5,17991284
b,1,0.1,0.4,0.0,0.6,16857651
b,1,0.1,0.5,0.5,0.0,22707403
b,1,0.1,0.5,0.4,0.1,21607589
b,1,0.1,0.5,0.3,0.2,20492284
b,1,0.1,0.5,0.2,0.3,19322099
b,1,0.1,0.5,0.1,0.4,18261036
b,1,0.1,0.5,0.0,0.5,17167210
b,1,0.1,0.6,0.4,0.0,21924807
b,1,0.1,0.6,0.3,0.1,20728707
b,1,0.1,0.6,0.2,0.2,19688676
b,1,0.1,0.6,0.1,0.3,18532529
b,1,0.1,0.6,0.0,0.4,17489131
b,1,0.1,0.7,0.3,0.0,21055185
b,1,0.1,0.7,0.2,0.1,20024901
b,1,0.1,0.7,0.1,0.2,18891731
b,1,0.1,0.7,0.0,0.3,17775352
b,1,0.1,0.8,0.2,0.0,20267257
b,1,0.1,0.8,0.1,0.1,19135342
b,1,0.1,0.8,0.0,0.2,18056251
b,1,0.1,0.9,0.1,0.0,19406099
b,1,0.1,0.9,0.0,0.1,18358225
b,1,0.1,1.0,0.0,0.0,18697364
b,1,0.2,0.0,1.0,0.0,31181590
b,1,0.2,0.0,0.9,0.1,30725381
b,1,0.2,0.0,0.8,0.2,30039604
b,1,0.2,0.0,0.7,0.3,29192147
b,1,0.2,0.0,0.6,0.4,28298342
b,1,0.2,0.0,0.5,0.5,27300321
b,1,0.2,0.0,0.4,0.6,26386105
b,1,0.2,0.0,0.3,0.7,25527332
b,1,0.2,0.0,0.2,0.8,24511916
b,1,0.2,0.0,0.1,0.9,23369280
b,1,0.2,0.0,0.0,1.0,22177411
b,1,0.2,0.1,0.9,0.0,30886071
b,1,0.2,0.1,0.8,0.1,30244925
b,1,0.2,0.1,0.7,0.2,29501517
b,1,0.2,0.1,0.6,0.3,28575790
b,1,0.2,0.1,0.5,0.4,27616248
b,1,0.2,0.1,0.4,0.5,26704097
b,1,0.2,0.1,0.3,0.6,25789215
b,1,0.2,0.1,0.2,0.7,24818631
b,1,0.2,0.1,0.1,0.8,23817623
b,1,0.2,0.1,0.0,0.9,22570929
b,1,0.2,0.2,0.8,0.0,30395125
b,1,0.2,0.2,0.7,0.1,29667140
b,1,0.2,0.2,0.6,0.2,28849625
b,1,0.2,0.2,0.5,0.3,27918172
b,1,0.2,0.2,0.4,0.4,27019713
b,1,0.2,0.2,0.3,0.5,26103917
b,1,0.2,0.2,0.2,0.6,25205201
b,1,0.2,0.2,0.1,0.7,24140296
b,1,0.2,0.2,0.0,0.8,22998091
b,1,0.2,0.3,0.7,0.0,29821477
b,1,0.2,0.3,0.6,0.1,29056629
b,1,0.2,0.3,0.5,0.2,28153635
b,1,0.2,0.3,0.4,0.3,27324747
b,1,0.2,0.3,0.3,0.4,26451584
b,1,0.2,0.3,0.2,0.5,25495559
b,1,0.2,0.3,0.1,0.6,24476292
b,1,0.2,0.3,0.0,0.7,23320339
b,1,0.2,0.4,0.6,0.0,29197658
b,1,0.2,0.4,0.5,0.1,28361226
b,1,0.2,0.4,0.4,0.2,27607907
b,1,0.2,0.4,0.3,0.3,26769853
b,1,0.2,0.4,0.2,0.4,25797845
b,1,0.2,0.4,0.1,0.5,24768827
b,1,0.2,0.4,0.0,0.6,23676436
b,1,0.2,0.5,0.5,0.0,28518670
b,1,0.2,0.5,0.4,0.1,27765511
b,1,0.2,0.5,0.3,0.2,27035226
b,1,0.2,0.5,0.2,0.3,26084941
b,1,0.2,0.5,0.1,0.4,25082163
b,1,0.2,0.5,0.0,0.5,24022201
b,1,0.2,0.6,0.4,0.0,27908672
b,1,0.2,0.6,0.3,0.1,27163735
b,1,0.2,0.6,0.2,0.2,26364789
b,1,0.2,0.6,0.1,0.3,25378075
b,1,0.2,0.6,0.0,0.4,24302879
b,1,0.2,0.7,0.3,0.0,27304038
b,1,0.2,0.7,0.2,0.1,26562693
b,1,0.2,0.7,0.1,0.2,25633481
b,1,0.2,0.7,0.0,0.3,24586364
b,1,0.2,0.8,0.2,0.0,26647968
b,1,0.2,0.8,0.1,0.1,25813082
b,1,0.2,0.8,0.0,0.2,24822286
b,1,0.2,0.9,0.1,0.0,25857637
b,1,0.2,0.9,0.0,0.1,25001784
b,1,0.2,1.0,0.0,0.0,25146643
b,2,0.05,0.0,1.0,0.0,25541403
b,2,0.05,0.0,0.9,0.1,23633297
b,2,0.05,0.0,0.8,0.2,21791808
b,2,0.05,0.0,0.7,0.3,20211613
b,2,0.05,0.0,0.6,0.4,18996272
b,2,0.05,0.0,0.5,0.5,17776195
b,2,0.05,0.0,0.4,0.6,16637898
b,2,0.05,0.0,0.3,0.7,15656595
b,2,0.05,0.0,0.2,0.8,14667680
b,2,0.05,0.0,0.1,0.9,13691408
b,2,0.05,0.0,0.0,1.0,12799885
b,2,0.05,0.1,0.9,0.0,23925504
b,2,0.05,0.1,0.8,0.1,22076488
b,2,0.05,0.1,0.7,0.2,20475483
b,2,0.05,0.1,0.6,0.3,19204944
b,2,0.05,0.1,0.5,0.4,18012845
b,2,0.05,0.1,0.4,0.5,16826640
b,2,0.05,0.1,0.3,0.6,15870885
b,2,0.05,0.1,0.2,0.7,14862390
b,2,0.05,0.1,0.1,0.8,13855280
b,2,0.05,0.1,0.0,0.9,13023685
b,2,0.05,0.2,0.8,0.0,22448167
b,2,0.05,0.2,0.7,0.1,20747537
b,2,0.05,0.2,0.6,0.2,19433471
b,2,0.05,0.2,0.5,0.3,18077196
b,2,0.05,0.2,0.4,0.4,16985770
b,2,0.05,0.2,0.3,0.5,15826518
b,2,0.05,0.2,0.2,0.6,15025615
b,2,0.05,0.2,0.1,0.7,13994555
b,2,0.05,0.2,0.0,0.8,13138640
b,2,0.05,0.3,0.7,0.0,21267977
b,2,0.05,0.3,0.6,0.1,19720164
b,2,0.05,0.3,0.5,0.2,18235153
b,2,0.05,0.3,0.4,0.3,17220063
b,2,0.05,0.3,0.3,0.4,15961084
b,2,0.05,0.3,0.2,0.5,15034656
b,2,0.05,0.3,0.1,0.6,14062460
b,2,0.05,0.3,0.0,0.7,13266358
b,2,0.05,0.4,0.6,0.0,19794009
b,2,0.05,0.4,0.5,0.1,18446765
b,2,0.05,0.4,0.4,0.2,17430871
b,2,0.05,0.4,0.3,0.3,16208956
b,2,0.05,0.4,0.2,0.4,15279599
b,2,0.05,0.4,0.1,0.5,14300231
b,2,0.05,0.4,0.0,0.6,13437939
b,2,0.05,0.5,0.5,0.0,18820824
b,2,0.05,0.5,0.4,0.1,17593266
b,2,0.05,0.5,0.3,0.2,16359626
b,2,0.05,0.5,0.2,0.3,15415465
b,2,0.05,0.5,0.1,0.4,14510767
b,2,0.05,0.5,0.0,0.5,13702048
b,2,0.05,0.6,0.4,0.0,18088432
b,2,0.05,0.6,0.3,0.1,16783432
b,2,0.05,0.6,0.2,0.2,15798869
b,2,0.05,0.6,0.1,0.3,14805588
b,2,0.05,0.6,0.0,0.4,13913416
b,2,0.05,0.7,0.3,0.0,17043770
b,2,0.05,0.7,0.2,0.1,16104657
b,2,0.05,0.7,0.1,0.2,15177404
b,2,0.05,0.7,0.0,0.3,14174414
b,2,0.05,0.8,0.2,0.0,16397947
b,2,0.05,0.8,0.1,0.1,15353267
b,2,0.05,0.8,0.0,0.2,14381627
b,2,0.05,0.9,0.1,0.0,15660002
b,2,0.05,0.9,0.0,0.1,14711478
b,2,0.05,1.0,0.0,0.0,15095123
b,2,0.1,0.0,1.0,0.0,37692274
b,2,0.1,0.0,0.9,0.1,35532608
b,2,0.1,0.0,0.8,0.2,33338103
b,2,0.1,0.0,0.7,0.3,31340676
b,2,0.1,0.0,0.6,0.4,29752708
b,2,0.1,0.0,0.5,0.5,27780349
b,2,0.1,0.0,0.4,0.6,25812748
b,2,0.1,0.0,0.3,0.7,24248140
b,2,0.1,0.0,0.2,0.8,22311992
b,2,0.1,0.0,0.1,0.9,20476695
b,2,0.1,0.0,0.0,1.0,18851749
b,2,0.1,0.1,0.9,0.0,36166594
b,2,0.1,0.1,0.8,0.1,33981897
b,2,0.1,0.1,0.7,0.2,32036115
b,2,0.1,0.1,0.6,0.3,30222135
b,2,0.1,0.1,0.5,0.4,28671992
b,2,0.1,0.1,0.4,0.5,26644857
b,2,0.1,0.1,0.3,0.6,24887533
b,2,0.1,0.1,0.2,0.7,23048769
b,2,0.1,0.1,0.1,0.8,21248524
b,2,0.1,0.1,0.0,0.9,19452504
b,2,0.1,0.2,0.8,0.0,34821870
b,2,0.1,0.2,0.7,0.1,32922502
b,2,0.1,0.2,0.6,0.2,31004881
b,2,0.1,0.2,0.5,0.3,29261523
b,2,0.1,0.2,0.4,0.4,27307413
b,2,0.1,0.2,0.3,0.5,25477745
b,2,0.1,0.2,0.2,0.6,23836221
b,2,0.1,0.2,0.1,0.7,21927260
b,2,0.1,0.2,0.0,0.8,20151012
b,2,0.1,0.3,0.7,0.0,33853790
b,2,0.1,0.3,0.6,0.1,31880372
b,2,0.1,0.3,0.5,0.2,29918583
b,2,0.1,0.3,0.4,0.3,28243427
b,2,0.1,0.3,0.3,0.4,26128270
b,2,0.1,0.3,0.2,0.5,24286465
b,2,0.1,0.3,0.1,0.6,22473173
b,2,0.1,0.3,0.0,0.7,20644133
b,2,0.1,0.4,0.6,0.0,32574041
b,2,0.1,0.4,0.5,0.1,30654144
b,2,0.1,0.4,0.4,0.2,29033293
b,2,0.1,0.4,0.3,0.3,26947759
b,2,0.1,0.4,0.2,0.4,25021684
b,2,0.1,0.4,0.1,0.5,23178540
b,2,0.1,0.4,0.0,0.6,21300208
b,2,0.1,0.5,0.5,0.0,31549918
b,2,0.1,0.5,0.4,0.1,29600428
b,2,0.1,0.5,0.3,0.2,27660048
b,2,0.1,0.5,0.2,0.3,25565982
b,2,0.1,0.5,0.1,0.4,23645538
b,2,0.1,0.5,0.0,0.5,21899252
b,2,0.1,0.6,0.4,0.0,30529125
b,2,0.1,0.6,0.3,0.1,28327943
b,2,0.1,0.6,0.2,0.2,26459780
b,2,0.1,0.6,0.1,0.3,24325337
b,2,0.1,0.6,0.0,0.4,22429792
b,2,0.1,0.7,0.3,0.0,29075652
b,2,0.1,0.7,0.2,0.1,27368903
b,2,0.1,0.7,0.1,0.2,25246282
b,2,0.1,0.7,0.0,0.3,23185270
b,2,0.1,0.8,0.2,0.0,27899075
b,2,0.1,0.8,0.1,0.1,25862589
b,2,0.1,0.8,0.0,0.2,23821934
b,2,0.1,0.9,0.1,0.0,26634815
b,2,0.1,0.9,0.0,0.1,24667681
b,2,0.1,1.0,0.0,0.0,25505452
b,2,0.2,0.0,1.0,0.0,46206940
b,2,0.2,0.0,0.9,0.1,45079275
b,2,0.2,0.0,0.8,0.2,43889716
b,2,0.2,0.0,0.7,0.3,42593376
b,2,0.2,0.0,0.6,0.4,41281142
b,2,0.2,0.0,0.5,0.5,39718789
b,2,0.2,0.0,0.4,0.6,38144967
b,2,0.2,0.0,0.3,0.7,36626866
b,2,0.2,0.0,0.2,0.8,34804074
b,2,0.2,0.0,0.1,0.9,32744122
b,2,0.2,0.0,0.0,1.0,30727286
b,2,0.2,0.1,0.9,0.0,45425708
b,2,0.2,0.1,0.8,0.1,44297069
b,2,0.2,0.1,0.7,0.2,42991863
b,2,0.2,0.1,0.6,0.3,41590360
b,2,0.2,0.1,0.5,0.4,40282464
b,2,0.2,0.1,0.4,0.5,38664452
b,2,0.2,0.1,0.3,0.6,36988774
b,2,0.2,0.1,0.2,0.7,35428600
b,2,0.2,0.1,0.1,0.8,33565671
b,2,0.2,0.1,0.0,0.9,31449499
b,2,0.2,0.2,0.8,0.0,44693713
b,2,0.2,0.2,0.7,0.1,43452006
b,2,0.2,0.2,0.6,0.2,42058012
b,2,0.2,0.2,0.5,0.3,40709333
b,2,0.2,0.2,0.4,0.4,39148212
b,2,0.2,0.2,0.3,0.5,37469660
b,2,0.2,0.2,0.2,0.6,36020957
b,2,0.2,0.2,0.1,0.7,34212266
b,2,0.2,0.2,0.0,0.8,32232580
b,2,0.2,0.3,0.7,0.0,43867954
b,2,0.2,0.3,0.6,0.1,42545118
b,2,0.2,0.3,0.5,0.2,41085935
b,2,0.2,0.3,0.4,0.3,39668848
b,2,0.2,0.3,0.3,0.4,38071007
b,2,0.2,0.3,0.2,0.5,36369151
b,2,0.2,0.3,0.1,0.6,34755953
b,2,0.2,0.3,0.0,0.7,32820133
b,2,0.2,0.4,0.6,0.0,42968274
b,2,0.2,0.4,0.5,0.1,41538829
b,2,0.2,0.4,0.4,0.2,40230828
b,2,0.2,0.4,0.3,0.3,38636231
b,2,0.2,0.4,0.2,0.4,36967323
b,2,0.2,0.4,0.1,0.5,35177807
b,2,0.2,0.4,0.0,0.6,33419609
b,2,0.2,0.5,0.5,0.0,42010724
b,2,0.2,0.5,0.4,0.1,40562436
b,2,0.2,0.5,0.3,0.2,39187841
b,2,0.2,0.5,0.2,0.3,37532356
b,2,0.2,0.5,0.1,0.4,35754571
b,2,0.2,0.5,0.0,0.5,34035617
b,2,0.2,0.6,0.4,0.0,41053924
b,2,0.2,0.6,0.3,0.1,39553487
b,2,0.2,0.6,0.2,0.2,38164793
b,2,0.2,0.6,0.1,0.3,36399079
b,2,0.2,0.6,0.0,0.4,34531795
b,2,0.2,0.7,0.3,0.0,39976963
b,2,0.2,0.7,0.2,0.1,38668562
b,2,0.2,0.7,0.1,0.2,37053547
b,2,0.2,0.7,0.0,0.3,35147832
b,2,0.2,0.8,0.2,0.0,38827691
b,2,0.2,0.8,0.1,0.1,37445335
b,2,0.2,0.8,0.0,0.2,35652530
b,2,0.2,0.9,0.1,0.0,37544506
b,2,0.2,0.9,0.0,0.1,36000861
b,2,0.2,1.0,0.0,0.0,36226064
b,3,0.05,0.0,1.0,0.0,28441900
b,3,0.05,0.0,0.9,0.1,26254606
b,3,0.05,0.0,0.8,0.2,23927507
b,3,0.05,0.0,0.7,0.3,21992409
b,3,0.05,0.0,0.6,0.4,20652598
b,3,0.05,0.0,0.5,0.5,19285194
b,3,0.05,0.0,0.4,0.6,18049309
b,3,0.05,0.0,0.3,0.7,17126913
b,3,0.05,0.0,0.2,0.8,16103568
b,3,0.05,0.0,0.1,0.9,15075081
b,3,0.05,0.0,0.0,1.0,14177143
b,3,0.05,0.1,0.9,0.0,26837771
b,3,0.05,0.1,0.8,0.1,24439240
b,3,0.05,0.1,0.7,0.2,22385883
b,3,0.05,0.1,0.6,0.3,20779938
b,3,0.05,0.1,0.5,0.4,19450951
b,3,0.05,0.1,0.4,0.5,18069301
b,3,0.05,0.1,0.3,0.6,17027061
b,3,0.05,0.1,0.2,0.7,15960161
b,3,0.05,0.1,0.1,0.8,14882728
b,3,0.05,0.1,0.0,0.9,13987238
b,3,0.05,0.2,0.8,0.0,25057352
b,3,0.05,0.2,0.7,0.1,22792444
b,3,0.05,0.2,0.6,0.2,20978375
b,3,0.05,0.2,0.5,0.3,19373884
b,3,0.05,0.2,0.4,0.4,18060411
b,3,0.05,0.2,0.3,0.5,16813995
b,3,0.05,0.2,0.2,0.6,16051132
b,3,0.05,0.2,0.1,0.7,14849441
b,3,0.05,0.2,0.0,0.8,13945124
b,3,0.05,0.3,0.7,0.0,23621378
b,3,0.05,0.3,0.6,0.1,21505413
b,3,0.05,0.3,0.5,0.2,19590290
b,3,0.05,0.3,0.4,0.3,18329472
b,3,0.05,0.3,0.3,0.4,16882784
b,3,0.05,0.3,0.2,0.5,15763209
b,3,0.05,0.3,0.1,0.6,14687836
b,3,0.05,0.3,0.0,0.7,13814809
b,3,0.05,0.4,0.6,0.0,21558064
b,3,0.05,0.4,0.5,0.1,19725882
b,3,0.05,0.4,0.4,0.2,18576239
b,3,0.05,0.4,0.3,0.3,17114148
b,3,0.05,0.4,0.2,0.4,15920537
b,3,0.05,0.4,0.1,0.5,14862444
b,3,0.05,0.4,0.0,0.6,13960492
b,3,0.05,0.5,0.5,0.0,20243659
b,3,0.05,0.5,0.4,0.1,18680233
b,3,0.05,0.5,0.3,0.2,17181857
b,3,0.05,0.5,0.2,0.3,16049102
b,3,0.05,0.5,0.1,0.4,15048345
b,3,0.05,0.5,0.0,0.5,14273069
b,3,0.05,0.6,0.4,0.0,19446317
b,3,0.05,0.6,0.3,0.1,17854668
b,3,0.05,0.6,0.2,0.2,16628828
b,3,0.05,0.6,0.1,0.3,15490606
b,3,0.05,0.6,0.0,0.4,14466102
b,3,0.05,0.7,0.3,0.0,18238986
b,3,0.05,0.7,0.2,0.1,17202932
b,3,0.05,0.7,0.1,0.2,16049717
b,3,0.05,0.7,0.0,0.3,14883877
b,3,0.05,0.8,0.2,0.0,17623916
b,3,0.05,0.8,0.1,0.1,16306129
b,3,0.05,0.8,0.0,0.2,15143586
b,3,0.05,0.9,0.1,0.0,16861077
b,3,0.05,0.9,0.0,0.1,15719044
b,3,0.05,1.0,0.0,0.0,16291024
b,3,0.1,0.0,1.0,0.0,46245401
b,3,0.1,0.0,0.9,0.1,42981476
b,3,0.1,0.0,0.8,0.2,39448658
b,3,0.1,0.0,0.7,0.3,36429384
b,3,0.1,0.0,0.6,0.4,34284665
b,3,0.1,0.0,0.5,0.5,31743009
b,3,0.1,0.0,0.4,0.6,29369353
b,3,0.1,0.0,0.3,0.7,27545889
b,3,0.1,0.0,0.2,0.8,25188701
b,3,0.1,0.0,0.1,0.9,23020899
b,3,0.1,0.0,0.0,1.0,21146806
b,3,0.1,0.1,0.9,0.0,43809882
b,3,0.1,0.1,0.8,0.1,40439211
b,3,0.1,0.1,0.7,0.2,37519475
b,3,0.1,0.1,0.6,0.3,35072208
b,3,0.1,0.1,0.5,0.4,33193980
b,3,0.1,0.1,0.4,0.5,30673456
b,3,0.1,0.1,0.3,0.6,28519548
b,3,0.1,0.1,0.2,0.7,26293716
b,3,0.1,0.1,0.1,0.8,24029625
b,3,0.1,0.1,0.0,0.9,21887081
b,3,0.1,0.2,0.8,0.0,41567357
b,3,0.1,0.2,0.7,0.1,38817760
b,3,0.1,0.2,0.6,0.2,36322328
b,3,0.1,0.2,0.5,0.3,34155313
b,3,0.1,0.2,0.4,0.4,31728774
b,3,0.1,0.2,0.3,0.5,29491551
b,3,0.1,0.2,0.2,0.6,27553594
b,3,0.1,0.2,0.1,0.7,25116326
b,3,0.1,0.2,0.0,0.8,22892410
b,3,0.1,0.3,0.7,0.0,39953886
b,3,0.1,0.3,0.6,0.1,37503527
b,3,0.1,0.3,0.5,0.2,35090846
b,3,0.1,0.3,0.4,0.3,33048562
b,3,0.1,0.3,0.3,0.4,30429644
b,3,0.1,0.3,0.2,0.5,28027701
b,3,0.1,0.3,0.1,0.6,25816105
b,3,0.1,0.3,0.0,0.7,23437045
b,3,0.1,0.4,0.6,0.0,38322041
b,3,0.1,0.4,0.5,0.1,36006251
b,3,0.1,0.4,0.4,0.2,34088293
b,3,0.1,0.4,0.3,0.3,31525145
b,3,0.1,0.4,0.2,0.4,28979675
b,3,0.1,0.4,0.1,0.5,26585004
b,3,0.1,0.4,0.0,0.6,24246936
b,3,0.1,0.5,0.5,0.0,37128719
b,3,0.1,0.5,0.4,0.1,34831840
b,3,0.1,0.5,0.3,0.2,32485079
b,3,0.1,0.5,0.2,0.3,29725087
b,3,0.1,0.5,0.1,0.4,27174608
b,3,0.1,0.5,0.0,0.5,24953695
b,3,0.1,0.6,0.4,0.0,36030860
b,3,0.1,0.6,0.3,0.1,33390074
b,3,0.1,0.6,0.2,0.2,30968155
b,3,0.1,0.6,0.1,0.3,28169443
b,3,0.1,0.6,0.0,0.4,25568938
b,3,0.1,0.7,0.3,0.0,34329866
b,3,0.1,0.7,0.2,0.1,32265180
b,3,0.1,0.7,0.1,0.2,29474573
b,3,0.1,0.7,0.0,0.3,26673217
b,3,0.1,0.8,0.2,0.0,32884299
b,3,0.1,0.8,0.1,0.1,30355929
b,3,0.1,0.8,0.0,0.2,27564656
b,3,0.1,0.9,0.1,0.0,31395842
b,3,0.1,0.9,0.0,0.1,28889864
b,3,0.1,1.0,0.0,0.0,30037141
b,3,0.2,0.0,1.0,0.0,54687824
b,3,0.2,0.0,0.9,0.1,53404786
b,3,0.2,0.0,0.8,0.2,52007672
b,3,0.2,0.0,0.7,0.3,50613340
b,3,0.2,0.0,0.6,0.4,49158510
b,3,0.2,0.0,0.5,0.5,47568763
b,3,0.2,0.0,0.4,0.6,45873372
b,3,0.2,0.0,0.3,0.7,44210711
b,3,0.2,0.0,0.2,0.8,42071653
b,3,0.2,0.0,0.1,0.9,39578171
b,3,0.2,0.0,0.0,1.0,37012282
b,3,0.2,0.1,0.9,0.0,53821196
b,3,0.2,0.1,0.8,0.1,52443722
b,3,0.2,0.1,0.7,0.2,50983955
b,3,0.2,0.1,0.6,0.3,49441531
b,3,0.2,0.1,0.5,0.4,48042666
b,3,0.2,0.1,0.4,0.5,46396275
b,3,0.2,0.1,0.3,0.6,44618004
b,3,0.2,0.1,0.2,0.7,42875765
b,3,0.2,0.1,0.1,0.8,40568088
b,3,0.2,0.1,0.0,0.9,37963354
b,3,0.2,0.2,0.8,0.0,52925335
b,3,0.2,0.2,0.7,0.1,51499697
b,3,0.2,0.2,0.6,0.2,49941629
b,3,0.2,0.2,0.5,0.3,48494892
b,3,0.2,0.2,0.4,0.4,46875126
b,3,0.2,0.2,0.3,0.5,45122355
b,3,0.2,0.2,0.2,0.6,43543122
b,3,0.2,0.2,0.1,0.7,41352296
b,3,0.2,0.2,0.0,0.8,38850980
b,3,0.2,0.3,0.7,0.0,52041349
b,3,0.2,0.3,0.6,0.1,50542320
b,3,0.2,0.3,0.5,0.2,48937612
b,3,0.2,0.3,0.4,0.3,47460801
b,3,0.2,0.3,0.3,0.4,45776871
b,3,0.2,0.3,0.2,0.5,43897830
b,3,0.2,0.3,0.1,0.6,41956420
b,3,0.2,0.3,0.0,0.7,39483932
b,3,0.2,0.4,0.6,0.0,51144710
b,3,0.2,0.4,0.5,0.1,49597981
b,3,0.2,0.4,0.4,0.2,48169228
b,3,0.2,0.4,0.3,0.3,46442640
b,3,0.2,0.4,0.2,0.4,44558704
b,3,0.2,0.4,0.1,0.5,42342519
b,3,0.2,0.4,0.0,0.6,40173832
b,3,0.2,0.5,0.5,0.0,50357576
b,3,0.2,0.5,0.4,0.1,48773311
b,3,0.2,0.5,0.3,0.2,47169978
b,3,0.2,0.5,0.2,0.3,45284392
b,3,0.2,0.5,0.1,0.4,43033891
b,3,0.2,0.5,0.0,0.5,40872540
b,3,0.2,0.6,0.4,0.0,49671208
b,3,0.2,0.6,0.3,0.1,47910759
b,3,0.2,0.6,0.2,0.2,46181950
b,3,0.2,0.6,0.1,0.3,43922400
b,3,0.2,0.6,0.0,0.4,41403700
b,3,0.2,0.7,0.3,0.0,48822631
b,3,0.2,0.7,0.2,0.1,47203878
b,3,0.2,0.7,0.1,0.2,44979138
b,3,0.2,0.7,0.0,0.3,42346068
b,3,0.2,0.8,0.2,0.0,47677620
b,3,0.2,0.8,0.1,0.1,45835111
b,3,0.2,0.8,0.0,0.2,43271246
b,3,0.2,0.9,0.1,0.0,46024271
b,3,0.2,0.9,0.0,0.1,43887046
b,3,0.2,1.0,0.0,0.0,44144336
c,1,0.05,0.0,1.0,0.0,15160905
c,1,0.05,0.0,0.9,0.1,15101048
c,1,0.05,0.0,0.8,0.2,15001060
c,1,0.05,0.0,0.7,0.3,14834498
c,1,0.05,0.0,0.6,0.4,14667009
c,1,0.05,0.0,0.5,0.5,14440819
c,1,0.05,0.0,0.4,0.6,14226717
c,1,0.05,0.0,0.3,0.7,13933264
c,1,0.05,0.0,0.2,0.8,13639043
c,1,0.05,0.0,0.1,0.9,13313154
c,1,0.05,0.0,0.0,1.0,13003505
c,1,0.05,0.1,0.9,0.0,15191289
c,1,0.05,0.1,0.8,0.1,15114083
c,1,0.05,0.1,0.7,0.2,15022719
c,1,0.05,0.1,0.6,0.3,14844737
c,1,0.05,0.1,0.5,0.4,14687703
c,1,0.05,0.1,0.4,0.5,14483505
c,1,0.05,0.1,0.3,0.6,14232757
c,1,0.05,0.1,0.2,0.7,13995434
c,1,0.05,0.1,0.1,0.8,13695116
c,1,0.05,0.1,0.0,0.9,13357173
c,1,0.05,0.2,0.8,0.0,15169697
c,1,0.05,0.2,0.7,0.1,15134988
c,1,0.05,0.2,0.6,0.2,15048261
c,1,0.05,0.2,0.5,0.3,14885119
c,1,0.05,0.2,0.4,0.4,14731779
c,1,0.05,0.2,0.3,0.5,14489210
c,1,0.05,0.2,0.2,0.6,14273015
c,1,0.05,0.2,0.1,0.7,14023543
c,1,0.05,0.2,0.0,0.8,13751162
c,1,0.05,0.3,0.7,0.0,15172325
c,1,0.05,0.3,0.6,0.1,15104433
c,1,0.05,0.3,0.5,0.2,15036409
c,1,0.05,0.3,0.4,0.3,14918965
c,1,0.05,0.3,0.3,0.4,14758878
c,1,0.05,0.3,0.2,0.5,14536495
c,1,0.05,0.3,0.1,0.6,14318059
c,1,0.05,0.3,0.0,0.7,14099946
c,1,0.05,0.4,0.6,0.0,15170972
c,1,0.05,0.4,0.5,0.1,15128850
c,1,0.05,0.4,0.4,0.2,15026841
c,1,0.05,0.4,0.3,0.3,14941110
c,1,0.05,0.4,0.2,0.4,14770890
c,1,0.05,0.4,0.1,0.5,14575833
c,1,0.05,0.4,0.0,0.6,14347012
c,1,0.05,0.5,0.5,0.0,15134146
c,1,0.05,0.5,0.4,0.1,15121295
c,1,0.05,0.5,0.3,0.2,15036054
c,1,0.05,0.5,0.2,0.3,14939742
c,1,0.05,0.5,0.1,0.4,14781208
c,1,0.05,0.5,0.0,0.5,14582002
c,1,0.05,0.6,0.4,0.0,15153163
c,1,0.05,0.6,0.3,0.1,15108504
c,1,0.05,0.6,0.2,0.2,15061096
c,1,0.05,0.6,0.1,0.3,14945680
c,1,0.05,0.6,0.0,0.4,14794800
c,1,0.05,0.7,0.3,0.0,15125465
c,1,0.05,0.7,0.2,0.1,15102241
c,1,0.05,0.7,0.1,0.2,15054971
c,1,0.05,0.7,0.0,0.3,14968849
c,1,0.05,0.8,0.2,0.0,15122295
c,1,0.05,0.8,0.1,0.1,15104796
c,1,0.05,0.8,0.0,0.2,15057247
c,1,0.05,0.9,0.1,0.0,15092110
c,1,0.05,0.9,0.0,0.1,15086742
c,1,0.05,1.0,0.0,0.0,15077255
c,1,0.1,0.0,1.0,0.0,10963120
c,1,0.1,0.0,0.9,0.1,10892243
c,1,0.1,0.0,0.8,0.2,10817475
c,1,0.1,0.0,0.7,0.3,10712073
c,1,0.1,0.0,0.6,0.4,10597231
c,1,0.1,0.0,0.5,0.5,10426894
c,1,0.1,0.0,0.4,0.6,10243548
c,1,0.1,0.0,0.3,0.7,10012845
c,1,0.1,0.0,0.2,0.8,9750471
c,1,0.1,0.0,0.1,0.9,9448799
c,1,0.1,0.0,0.0,1.0,9154261
c,1,0.1,0.1,0.9,0.0,10977532
c,1,0.1,0.1,0.8,0.1,10932077
c,1,0.1,0.1,0.7,0.2,10848609
c,1,0.1,0.1,0.6,0.3,10739035
c,1,0.1,0.1,0.5,0.4,10619417
c,1,0.1,0.1,0.4,0.5,10469825
c,1,0.1,0.1,0.3,0.6,10294580
c,1,0.1,0.1,0.2,0.7,10071085
c,1,0.1,0.1,0.1,0.8,9808009
c,1,0.1,0.1,0.0,0.9,9521210
c,1,0.1,0.2,0.8,0.0,10987123
c,1,0.1,0.2,0.7,0.1,10936252
c,1,0.1,0.2,0.6,0.2,10870042
c,1,0.1,0.2,0.5,0.3,10772237
c,1,0.1,0.2,0.4,0.4,10662172
c,1,0.1,0.2,0.3,0.5,10498388
c,1,0.1,0.2,0.2,0.6,10324650
c,1,0.1,0.2,0.1,0.7,10117419
c,1,0.1,0.2,0.0,0.8,9861148
c,1,0.1,0.3,0.7,0.0,10974018
c,1,0.1,0.3,0.6,0.1,10944960
c,1,0.1,0.3,0.5,0.2,10875160
c,1,0.1,0.3,0.4,0.3,10786331
c,1,0.1,0.3,0.3,0.4,10678517
c,1,0.1,0.3,0.2,0.5,10551480
c,1,0.1,0.3,0.1,0.6,10359102
c,1,0.1,0.3,0.0,0.7,10164217
c,1,0.1,0.4,0.6,0.0,10984327
c,1,0.1,0.4,0.5,0.1,10959806
c,1,0.1,0.4,0.4,0.2,10900500
c,1,0.1,0.4,0.3,0.3,10808759
c,1,0.1,0.4,0.2,0.4,10689406
c,1,0.1,0.4,0.1,0.5,10564831
c,1,0.1,0.4,0.0,0.6,10404819
c,1,0.1,0.5,0.5,0.0,10991134
c,1,0.1,0.5,0.4,0.1,10967601
c,1,0.1,0.5,0.3,0.2,10891575
c,1,0.1,0.5,0.2,0.3,10824130
c,1,0.1,0.5,0.1,0.4,10714125
c,1,0.1,0.5,0.0,0.5,10581746
c,1,0.1,0.6,0.4,0.0,10992940
c,1,0.1,0.6,0.3,0.1,10978460
c,1,0.1,0.6,0.2,0.2,10911495
c,1,0.1,0.6,0.1,0.3,10840994
c,1,0.1,0.6,0.0,0.4,10728601
c,1,0.1,0.7,0.3,0.0,10984990
c,1,0.1,0.7,0.2,0.1,10963479
c,1,0.1,0.7,0.1,0.2,10933884
c,1,0.1,0.7,0.0,0.3,10845159
c,1,0.1,0.8,0.2,0.0,10967417
c,1,0.1,0.8,0.1,0.1,10962203
c,1,0.1,0.8,0.0,0.2,10918610
c,1,0.1,0.9,0.1,0.0,10970401
c,1,0.1,0.9,0.0,0.1,10950913
c,1,0.1,1.0,0.0,0.0,10962224
c,1,0.2,0.0,1.0,0.0,6345708
c,1,0.2,0.0,0.9,0.1,6304022
c,1,0.2,0.0,0.8,0.2,6255878
c,1,0.2,0.0,0.7,0.3,6190819
c,1,0.2,0.0,0.6,0.4,6100534
c,1,0.2,0.0,0.5,0.5,6000018
c,1,0.2,0.0,0.4,0.6,5883202
c,1,0.2,0.0,0.3,0.7,5734438
c,1,0.2,0.0,0.2,0.8,5559831
c,1,0.2,0.0,0.1,0.9,5349567
c,1,0.2,0.0,0.0,1.0,5088254
c,1,0.2,0.1,0.9,0.0,6355921
c,1,0.2,0.1,0.8,0.1,6324173
c,1,0.2,0.1,0.7,0.2,6274794
c,1,0.2,0.1,0.6,0.3,6214885
c,1,0.2,0.1,0.5,0.4,6126301
c,1,0.2,0.1,0.4,0.5,6030155
c,1,0.2,0.1,0.3,0.6,5910345
c,1,0.2,0.1,0.2,0.7,5763054
c,1,0.2,0.1,0.1,0.8,5598476
c,1,0.2,0.1,0.0,0.9,5394616
c,1,0.2,0.2,0.8,0.0,6370006
c,1,0.2,0.2,0.7,0.1,6332162
c,1,0.2,0.2,0.6,0.2,6291408
c,1,0.2,0.2,0.5,0.3,6241992
c,1,0.2,0.2,0.4,0.4,6163653
c,1,0.2,0.2,0.3,0.5,6050629
c,1,0.2,0.2,0.2,0.6,5937747
c,1,0.2,0.2,0.1,0.7,5795069
c,1,0.2,0.2,0.0,0.8,5624822
c,1,0.2,0.3,0.7,0.0,6377857
c,1,0.2,0.3,0.6,0.1,6352092
c,1,0.2,0.3,0.5,0.2,6312404
c,1,0.2,0.3,0.4,0.3,6256042
c,1,0.2,0.3,0.3,0.4,6172656
c,1,0.2,0.3,0.2,0.5,6090538
c,1,0.2,0.3,0.1,0.6,5967427
c,1,0.2,0.3,0.0,0.7,5830397
c,1,0.2,0.4,0.6,0.0,6398589
c,1,0.2,0.4,0.5,0.1,6367935
c,1,0.2,0.4,0.4,0.2,6338721
c,1,0.2,0.4,0.3,0.3,6274514
c,1,0.2,0.4,0.2,0.4,6200258
c,1,0.2,0.4,0.1,0.5,6109229
c,1,0.2,0.4,0.0,0.6,5998840
c,1,0.2,0.5,0.5,0.0,6391197
c,1,0.2,0.5,0.4,0.1,6381201
c,1,0.2,0.5,0.3,0.2,6339750
c,1,0.2,0.5,0.2,0.3,6286974
c,1,0.2,0.5,0.1,0.4,6223736
c,1,0.2,0.5,0.0,0.5,6132958
c,1,0.2,0.6,0.4,0.0,6393253
c,1,0.2,0.6,0.3,0.1,6389355
c,1,0.2,0.6,0.2,0.2,6348716
c,1,0.2,0.6,0.1,0.3,6292685
c,1,0.2,0.6,0.0,0.4,6227129
c,1,0.2,0.7,0.3,0.0,6389495
c,1,0.2,0.7,0.2,0.1,6391470
c,1,0.2,0.7,0.1,0.2,6346960
c,1,0.2,0.7,0.0,0.3,6290127
c,1,0.2,0.8,0.2,0.0,6386960
c,1,0.2,0.8,0.1,0.1,6393304
c,1,0.2,0.8,0.0,0.2,6351333
c,1,0.2,0.9,0.1,0.0,6376530
c,1,0.2,0.9,0.0,0.1,6383898
c,1,0.2,1.0,0.0,0.0,6373426
c,2,0.05,0.0,1.0,0.0,19305846
c,2,0.05,0.0,0.9,0.1,19143923
c,2,0.05,0.0,0.8,0.2,18989636
c,2,0.05,0.0,0.7,0.3,18770885
c,2,0.05,0.0,0.6,0.4,18550406
c,2,0.05,0.0,0.5,0.5,18296088
c,2,0.05,0.0,0.4,0.6,18017745
c,2,0.05,0.0,0.3,0.7,17730417
c,2,0.05,0.0,0.2,0.8,17408966
c,2,0.05,0.0,0.1,0.9,17087137
c,2,0.05,0.0,0.0,1.0,16816428
c,2,0.05,0.1,0.9,0.0,19301664
c,2,0.05,0.1,0.8,0.1,19189447
c,2,0.05,0.1,0.7,0.2,19032777
c,2,0.05,0.1,0.6,0.3,18839200
c,2,0.05,0.1,0.5,0.4,18620349
c,2,0.05,0.1,0.4,0.5,18392137
c,2,0.05,0.1,0.3,0.6,18083402
c,2,0.05,0.1,0.2,0.7,17829464
c,2,0.05,0.1,0.1,0.8,17499816
c,2,0.05,0.1,0.0,0.9,17188107
c,2,0.05,0.2,0.8,0.0,19350806
c,2,0.05,0.2,0.7,0.1,19213334
c,2,0.05,0.2,0.6,0.2,19071613
c,2,0.05,0.2,0.5,0.3,18888990
c,2,0.05,0.2,0.4,0.4,18738650
c,2,0.05,0.2,0.3,0.5,18457957
c,2,0.05,0.2,0.2,0.6,18223617
c,2,0.05,0.2,0.1,0.7,17939082
c,2,0.05,0.2,0.0,0.8,17620053
c,2,0.05,0.3,0.7,0.0,19369275
c,2,0.05,0.3,0.6,0.1,19255277
c,2,0.05,0.3,0.5,0.2,19119287
c,2,0.05,0.3,0.4,0.3,18981218
c,2,0.05,0.3,0.3,0.4,18797627
c,2,0.05,0.3,0.2,0.5,18577505
c,2,0.05,0.3,0.1,0.6,18319982
c,2,0.05,0.3,0.0,0.7,18048416
c,2,0.05,0.4,0.6,0.0,19390936
c,2,0.05,0.4,0.5,0.1,19318408
c,2,0.05,0.4,0.4,0.2,19178037
c,2,0.05,0.4,0.3,0.3,19037193
c,2,0.05,0.4,0.2,0.4,18846224
c,2,0.05,0.4,0.1,0.5,18658643
c,2,0.05,0.4,0.0,0.6,18414085
c,2,0.05,0.5,0.5,0.0,19433379
c,2,0.05,0.5,0.4,0.1,19335290
c,2,0.05,0.5,0.3,0.2,19219915
c,2,0.05,0.5,0.2,0.3,19121782
c,2,0.05,0.5,0.1,0.4,18953508
c,2,0.05,0.5,0.0,0.5,18752815
c,2,0.05,0.6,0.4,0.0,19459808
c,2,0.05,0.6,0.3,0.1,19383990
c,2,0.05,0.6,0.2,0.2,19307154
c,2,0.05,0.6,0.1,0.3,19173560
c,2,0.05,0.6,0.0,0.4,19025995
c,2,0.05,0.7,0.3,0.0,19512190
c,2,0.05,0.7,0.2,0.1,19441153
c,2,0.05,0.7,0.1,0.2,19366688
c,2,0.05,0.7,0.0,0.3,19260053
c,2,0.05,0.8,0.2,0.0,19551827
c,2,0.05,0.8,0.1,0.1,19525140
c,2,0.05,0.8,0.0,0.2,19438432
c,2,0.05,0.9,0.1,0.0,19603957
c,2,0.05,0.9,0.0,0.1,19570109
c,2,0.05,1.0,0.0,0.0,19628451
c,2,0.1,0.0,1.0,0.0,16100859
c,2,0.1,0.0,0.9,0.1,15998755
c,2,0.1,0.0,0.8,0.2,15846796
c,2,0.1,0.0,0.7,0.3,15662791
c,2,0.1,0.0,0.6,0.4,15448504
c,2,0.1,0.0,0.5,0.5,15192833
c,2,0.1,0.0,0.4,0.6,14917203
c,2,0.1,0.0,0.3,0.7,14542834
c,2,0.1,0.0,0.2,0.8,14149650
c,2,0.1,0.0,0.1,0.9,13669518
c,2,0.1,0.0,0.0,1.0,13181405
c,2,0.1,0.1,0.9,0.0,16131730
c,2,0.1,0.1,0.8,0.1,16024051
c,2,0.1,0.1,0.7,0.2,15887406
c,2,0.1,0.1,0.6,0.3,15732228
c,2,0.1,0.1,0.5,0.4,15509219
c,2,0.1,0.1,0.4,0.5,15271703
c,2,0.1,0.1,0.3,0.6,15003522
c,2,0.1,0.1,0.2,0.7,14676843
c,2,0.1,0.1,0.1,0.8,14251178
c,2,0.1,0.1,0.0,0.9,13777580
c,2,0.1,0.2,0.8,0.0,16161087
c,2,0.1,0.2,0.7,0.1,16080051
c,2,0.1,0.2,0.6,0.2,15934794
c,2,0.1,0.2,0.5,0.3,15787502
c,2,0.1,0.2,0.4,0.4,15603597
c,2,0.1,0.2,0.3,0.5,15337268
c,2,0.1,0.2,0.2,0.6,15079423
c,2,0.1,0.2,0.1,0.7,14761817
c,2,0.1,0.2,0.0,0.8,14368532
c,2,0.1,0.3,0.7,0.0,16172707
c,2,0.1,0.3,0.6,0.1,16099585
c,2,0.1,0.3,0.5,0.2,15968709
c,2,0.1,0.3,0.4,0.3,15822703
c,2,0.1,0.3,0.3,0.4,15645096
c,2,0.1,0.3,0.2,0.5,15426502
c,2,0.1,0.3,0.1,0.6,15153476
c,2,0.1,0.3,0.0,0.7,14854046
c,2,0.1,0.4,0.6,0.0,16199144
c,2,0.1,0.4,0.5,0.1,16122905
c,2,0.1,0.4,0.4,0.2,16019090
c,2,0.1,0.4,0.3,0.3,15877863
c,2,0.1,0.4,0.2,0.4,15690339
c,2,0.1,0.4,0.1,0.5,15489445
c,2,0.1,0.4,0.0,0.6,15243246
c,2,0.1,0.5,0.5,0.0,16206879
c,2,0.1,0.5,0.4,0.1,16153790
c,2,0.1,0.5,0.3,0.2,16035770
c,2,0.1,0.5,0.2,0.3,15926714
c,2,0.1,0.5,0.1,0.4,15757072
c,2,0.1,0.5,0.0,0.5,15556861
c,2,0.1,0.6,0.4,0.0,16220912
c,2,0.1,0.6,0.3,0.1,16169021
c,2,0.1,0.6,0.2,0.2,16089054
c,2,0.1,0.6,0.1,0.3,15958006
c,2,0.1,0.6,0.0,0.4,15801267
c,2,0.1,0.7,0.3,0.0,16207409
c,2,0.1,0.7,0.2,0.1,16189879
c,2,0.1,0.7,0.1,0.2,16108208
c,2,0.1,0.7,0.0,0.3,16002949
c,2,0.1,0.8,0.2,0.0,16219653
c,2,0.1,0.8,0.1,0.1,16207089
c,2,0.1,0.8,0.0,0.2,16141480
c,2,0.1,0.9,0.1,0.0,16227358
c,2,0.1,0.9,0.0,0.1,16217207
c,2,0.1,1.0,0.0,0.0,16233588
c,2,0.2,0.0,1.0,0.0,10627982
c,2,0.2,0.0,0.9,0.1,10534570
c,2,0.2,0.0,0.8,0.2,10443215
c,2,0.2,0.0,0.7,0.3,10305090
c,2,0.2,0.0,0.6,0.4,10158528
c,2,0.2,0.0,0.5,0.5,9961248
c,2,0.2,0.0,0.4,0.6,9735708
c,2,0.2,0.0,0.3,0.7,9462167
c,2,0.2,0.0,0.2,0.8,9137720
c,2,0.2,0.0,0.1,0.9,8753964
c,2,0.2,0.0,0.0,1.0,8272160
c,2,0.2,0.1,0.9,0.0,10645160
c,2,0.2,0.1,0.8,0.1,10570936
c,2,0.2,0.1,0.7,0.2,10475687
c,2,0.2,0.1,0.6,0.3,10344838
c,2,0.2,0.1,0.5,0.4,10198736
c,2,0.2,0.1,0.4,0.5,10012771
c,2,0.2,0.1,0.3,0.6,9807109
c,2,0.2,0.1,0.2,0.7,9554478
c,2,0.2,0.1,0.1,0.8,9224344
c,2,0.2,0.1,0.0,0.9,8862171
c,2,0.2,0.2,0.8,0.0,10666822
c,2,0.2,0.2,0.7,0.1,10595990
c,2,0.2,0.2,0.6,0.2,10507726
c,2,0.2,0.2,0.5,0.3,10386833
c,2,0.2,0.2,0.4,0.4,10243097
c,2,0.2,0.2,0.3,0.5,10075656
c,2,0.2,0.2,0.2,0.6,9873877
c,2,0.2,0.2,0.1,0.7,9626990
c,2,0.2,0.2,0.0,0.8,9329499
c,2,0.2,0.3,0.7,0.0,10676936
c,2,0.2,0.3,0.6,0.1,10631549
c,2,0.2,0.3,0.5,0.2,10546774
c,2,0.2,0.3,0.4,0.3,10435083
c,2,0.2,0.3,0.3,0.4,10294082
c,2,0.2,0.3,0.2,0.5,10121013
c,2,0.2,0.3,0.1,0.6,9943314
c,2,0.2,0.3,0.0,0.7,9696587
c,2,0.2,0.4,0.6,0.0,10681809
c,2,0.2,0.4,0.5,0.1,10651275
c,2,0.2,0.4,0.4,0.2,10578656
c,2,0.2,0.4,0.3,0.3,10472438
c,2,0.2,0.4,0.2,0.4,10338794
c,2,0.2,0.4,0.1,0.5,10189524
c,2,0.2,0.4,0.0,0.6,9993558
c,2,0.2,0.5,0.5,0.0,10700234
c,2,0.2,0.5,0.4,0.1,10668216
c,2,0.2,0.5,0.3,0.2,10607988
c,2,0.2,0.5,0.2,0.3,10512084
c,2,0.2,0.5,0.1,0.4,10383543
c,2,0.2,0.5,0.0,0.5,10244782
c,2,0.2,0.6,0.4,0.0,10703653
c,2,0.2,0.6,0.3,0.1,10680554
c,2,0.2,0.6,0.2,0.2,10630248
c,2,0.2,0.6,0.1,0.3,10551979
c,2,0.2,0.6,0.0,0.4,10419923
c,2,0.2,0.7,0.3,0.0,10708076
c,2,0.2,0.7,0.2,0.1,10700030
c,2,0.2,0.7,0.1,0.2,10646228
c,2,0.2,0.7,0.0,0.3,10578819
c,2,0.2,0.8,0.2,0.0,10720109
c,2,0.2,0.8,0.1,0.1,10703735
c,2,0.2,0.8,0.0,0.2,10666508
c,2,0.2,0.9,0.1,0.0,10720132
c,2,0.2,0.9,0.0,0.1,10720541
c,2,0.2,1.0,0.0,0.0,10735721
c,3,0.05,0.0,1.0,0.0,21057798
c,3,0.05,0.0,0.9,0.1,20854528
c,3,0.05,0.0,0.8,0.2,20663621
c,3,0.05,0.0,0.7,0.3,20434918
c,3,0.05,0.0,0.6,0.4,20176773
c,3,0.05,0.0,0.5,0.5,19876198
c,3,0.05,0.0,0.4,0.6,19589505
c,3,0.05,0.0,0.3,0.7,19241857
c,3,0.05,0.0,0.2,0.8,18859674
c,3,0.05,0.0,0.1,0.9,18566247
c,3,0.05,0.0,0.0,1.0,18344934
c,3,0.05,0.1,0.9,0.0,21074338
c,3,0.05,0.1,0.8,0.1,20932405
c,3,0.05,0.1,0.7,0.2,20733764
c,3,0.05,0.1,0.6,0.3,20501300
c,3,0.05,0.1,0.5,0.4,20263004
c,3,0.05,0.1,0.4,0.5,19963396
c,3,0.05,0.1,0.3,0.6,19710347
c,3,0.05,0.1,0.2,0.7,19371516
c,3,0.05,0.1,0.1,0.8,19008240
c,3,0.05,0.1,0.0,0.9,18686486
c,3,0.05,0.2,0.8,0.0,21146214
c,3,0.05,0.2,0.7,0.1,20969090
c,3,0.05,0.2,0.6,0.2,20784217
c,3,0.05,0.2,0.5,0.3,20584817
c,3,0.05,0.2,0.4,0.4,20376701
c,3,0.05,0.2,0.3,0.5,20084559
c,3,0.05,0.2,0.2,0.6,19824058
c,3,0.05,0.2,0.1,0.7,19487852
c,3,0.05,0.2,0.0,0.8,19141858
c,3,0.05,0.3,0.7,0.0,21184143
c,3,0.05,0.3,0.6,0.1,21012185
c,3,0.05,0.3,0.5,0.2,20876575
c,3,0.05,0.3,0.4,0.3,20687587
c,3,0.05,0.3,0.3,0.4,20486654
c,3,0.05,0.3,0.2,0.5,20195183
c,3,0.05,0.3,0.1,0.6,19945368
c,3,0.05,0.3,0.0,0.7,19632173
c,3,0.05,0.4,0.6,0.0,21234438
c,3,0.05,0.4,0.5,0.1,21094717
c,3,0.05,0.4,0.4,0.2,20945993
c,3,0.05,0.4,0.3,0.3,20783140
c,3,0.05,0.4,0.2,0.4,20566993
c,3,0.05,0.4,0.1,0.5,20326161
c,3,0.05,0.4,0.0,0.6,20088292
c,3,0.05,0.5,0.5,0.0,21298914
c,3,0.05,0.5,0.4,0.1,21164147
c,3,0.05,0.5,0.3,0.2,21011361
c,3,0.05,0.5,0.2,0.3,20867576
c,3,0.05,0.5,0.1,0.4,20688950
c,3,0.05,0.5,0.0,0.5,20446658
c,3,0.05,0.6,0.4,0.0,21375138
c,3,0.05,0.6,0.3,0.1,21237764
c,3,0.05,0.6,0.2,0.2,21125569
c,3,0.05,0.6,0.1,0.3,20955529
c,3,0.05,0.6,0.0,0.4,20783086
c,3,0.05,0.7,0.3,0.0,21437002
c,3,0.05,0.7,0.2,0.1,21322005
c,3,0.05,0.7,0.1,0.2,21229168
c,3,0.05,0.7,0.0,0.3,21063384
c,3,0.05,0.8,0.2,0.0,21475454
c,3,0.05,0.8,0.1,0.1,21420823
c,3,0.05,0.8,0.0,0.2,21309538
c,3,0.05,0.9,0.1,0.0,21552650
c,3,0.05,0.9,0.0,0.1,21493842
c,3,0.05,1.0,0.0,0.0,21623808
c,3,0.1,0.0,1.0,0.0,18549472
c,3,0.1,0.0,0.9,0.1,18411947
c,3,0.1,0.0,0.8,0.2,18223526
c,3,0.1,0.0,0.7,0.3,17986735
c,3,0.1,0.0,0.6,0.4,17724513
c,3,0.1,0.0,0.5,0.5,17379000
c,3,0.1,0.0,0.4,0.6,17022058
c,3,0.1,0.0,0.3,0.7,16587773
c,3,0.1,0.0,0.2,0.8,16093163
c,3,0.1,0.0,0.1,0.9,15536291
c,3,0.1,0.0,0.0,1.0,14952907
c,3,0.1,0.1,0.9,0.0,18590149
c,3,0.1,0.1,0.8,0.1,18471002
c,3,0.1,0.1,0.7,0.2,18297153
c,3,0.1,0.1,0.6,0.3,18071988
c,3,0.1,0.1,0.5,0.4,17808191
c,3,0.1,0.1,0.4,0.5,17509641
c,3,0.1,0.1,0.3,0.6,17155803
c,3,0.1,0.1,0.2,0.7,16731650
c,3,0.1,0.1,0.1,0.8,16260993
c,3,0.1,0.1,0.0,0.9,15697789
c,3,0.1,0.2,0.8,0.0,18624011
c,3,0.1,0.2,0.7,0.1,18541255
c,3,0.1,0.2,0.6,0.2,18344663
c,3,0.1,0.2,0.5,0.3,18145643
c,3,0.1,0.2,0.4,0.4,17920555
c,3,0.1,0.2,0.3,0.5,17620118
c,3,0.1,0.2,0.2,0.6,17288168
c,3,0.1,0.2,0.1,0.7,16875816
c,3,0.1,0.2,0.0,0.8,16401116
c,3,0.1,0.3,0.7,0.0,18665790
c,3,0.1,0.3,0.6,0.1,18562688
c,3,0.1,0.3,0.5,0.2,18410984
c,3,0.1,0.3,0.4,0.3,18230274
c,3,0.1,0.3,0.3,0.4,18009486
c,3,0.1,0.3,0.2,0.5,17703476
c,3,0.1,0.3,0.1,0.6,17381622
c,3,0.1,0.3,0.0,0.7,17024404
c,3,0.1,0.4,0.6,0.0,18692117
c,3,0.1,0.4,0.5,0.1,18605451
c,3,0.1,0.4,0.4,0.2,18478363
c,3,0.1,0.4,0.3,0.3,18294152
c,3,0.1,0.4,0.2,0.4,18082175
c,3,0.1,0.4,0.1,0.5,17827469
c,3,0.1,0.4,0.0,0.6,17519074
c,3,0.1,0.5,0.5,0.0,18709495
c,3,0.1,0.5,0.4,0.1,18641130
c,3,0.1,0.5,0.3,0.2,18519867
c,3,0.1,0.5,0.2,0.3,18387672
c,3,0.1,0.5,0.1,0.4,18174941
c,3,0.1,0.5,0.0,0.5,17920949
c,3,0.1,0.6,0.4,0.0,18734140
c,3,0.1,0.6,0.3,0.1,18683941
c,3,0.1,0.6,0.2,0.2,18593776
c,3,0.1,0.6,0.1,0.3,18449689
c,3,0.1,0.6,0.0,0.4,18247041
c,3,0.1,0.7,0.3,0.0,18751565
c,3,0.1,0.7,0.2,0.1,18721191
c,3,0.1,0.7,0.1,0.2,18633602
c,3,0.1,0.7,0.0,0.3,18493694
c,3,0.1,0.8,0.2,0.0,18791990
c,3,0.1,0.8,0.1,0.1,18746146
c,3,0.1,0.8,0.0,0.2,18669159
c,3,0.1,0.9,0.1,0.0,18813398
c,3,0.1,0.9,0.0,0.1,18782423
c,3,0.1,1.0,0.0,0.0,18819692
c,3,0.2,0.0,1.0,0.0,13111781
c,3,0.2,0.0,0.9,0.1,13009984
c,3,0.2,0.0,0.8,0.2,12871955
c,3,0.2,0.0,0.7,0.3,12692105
c,3,0.2,0.0,0.6,0.4,12480253
c,3,0.2,0.0,0.5,0.5,12215826
c,3,0.2,0.0,0.4,0.6,11912802
c,3,0.2,0.0,0.3,0.7,11534415
c,3,0.2,0.0,0.2,0.8,11104941
c,3,0.2,0.0,0.1,0.9,10572978
c,3,0.2,0.0,0.0,1.0,9935869
c,3,0.2,0.1,0.9,0.0,13146882
c,3,0.2,0.1,0.8,0.1,13063736
c,3,0.2,0.1,0.7,0.2,12933333
c,3,0.2,0.1,0.6,0.3,12757807
c,3,0.2,0.1,0.5,0.4,12552932
c,3,0.2,0.1,0.4,0.5,12315863
c,3,0.2,0.1,0.3,0.6,12015352
c,3,0.2,0.1,0.2,0.7,11668805
c,3,0.2,0.1,0.1,0.8,11251337
c,3,0.2,0.1,0.0,0.9,10761486
c,3,0.2,0.2,0.8,0.0,13183530
c,3,0.2,0.2,0.7,0.1,13110918
c,3,0.2,0.2,0.6,0.2,12990411
c,3,0.2,0.2,0.5,0.3,12841067
c,3,0.2,0.2,0.4,0.4,12631237
c,3,0.2,0.2,0.3,0.5,12401027
c,3,0.2,0.2,0.2,0.6,12129799
c,3,0.2,0.2,0.1,0.7,11789318
c,3,0.2,0.2,0.0,0.8,11398496
c,3,0.2,0.3,0.7,0.0,13201349
c,3,0.2,0.3,0.6,0.1,13139499
c,3,0.2,0.3,0.5,0.2,13039795
c,3,0.2,0.3,0.4,0.3,12903759
c,3,0.2,0.3,0.3,0.4,12699702
c,3,0.2,0.3,0.2,0.5,12482435
c,3,0.2,0.3,0.1,0.6,12219106
c,3,0.2,0.3,0.0,0.7,11907173
c,3,0.2,0.4,0.6,0.0,13233085
c,3,0.2,0.4,0.5,0.1,13172319
c,3,0.2,0.4,0.4,0.2,13089962
c,3,0.2,0.4,0.3,0.3,12952441
c,3,0.2,0.4,0.2,0.4,12783357
c,3,0.2,0.4,0.1,0.5,12574764
c,3,0.2,0.4,0.0,0.6,12317158
c,3,0.2,0.5,0.5,0.0,13252310
c,3,0.2,0.5,0.4,0.1,13211447
c,3,0.2,0.5,0.3,0.2,13119180
c,3,0.2,0.5,0.2,0.3,13016056
c,3,0.2,0.5,0.1,0.4,12866908
c,3,0.2,0.5,0.0,0.5,12656177
c,3,0.2,0.6,0.4,0.0,13276016
c,3,0.2,0.6,0.3,0.1,13230293
c,3,0.2,0.6,0.2,0.2,13172878
c,3,0.2,0.6,0.1,0.3,13072658
c,3,0.2,0.6,0.0,0.4,12923320
c,3,0.2,0.7,0.3,0.0,13301736
c,3,0.2,0.7,0.2,0.1,13263752
c,3,0.2,0.7,0.1,0.2,13196117
c,3,0.2,0.7,0.0,0.3,13121789
c,3,0.2,0.8,0.2,0.0,13314494
c,3,0.2,0.8,0.1,0.1,13292704
c,3,0.2,0.8,0.0,0.2,13228786
c,3,0.2,0.9,0.1,0.0,13336835
c,3,0.2,0.9,0.0,0.1,13317275
c,3,0.2,1.0,0.0,0.0,13340997
